V00000005 7.619 0.522 84.01 1.17 328.16 0.78 -999 10 98.82 0.16 152.39 0.11 6.953 0.681 73.71 2.04 287.54 1.45 penetration XXX XXX
V00000056 7.637 0.615 75.37 1.03 236.54 0.79 45493.96484 10 91.08 0.17 60.12 0.12 7.849 0.906 60.66 1.36 346.53 1.26 4 XXX XXX
V00000068 7.795 0.716 68.78 0.84 154.8 0.62 -999 10 102.31 0.15 331.37 0.12 4.307 0.835 64.6 2.09 212.72 2.02 penetration XXX XXX
V00000083 7.179 0.522 96.03 0.69 54.01 0.58 43731.1272 10 101.66 0.17 233.39 0.12 7.668 0.756 69.07 1.6 84.81 1.44 4 XXX XXX
V00000093 8.849 0.597 80.01 0.58 113.41 0.6 -999 10 109.93 0.18 289.66 0.14 9.241 0.744 110.21 1.81 227.27 1.32 penetration XXX XXX
V00000101 8.488 0.62 75.08 0.7 246.65 0.56 41734.54126 10 107.19 0.1 68.54 0.08 3.198 0.847 63.89 3.35 280.19 2.78 4 XXX XXX
V00000151 8.016 0.541 98.42 0.97 158.46 0.68 -999 10 88.35 0.11 342.45 0.08 13.889 0.541 92.14 1.12 207.05 0.76 penetration XXX XXX
V00000206 8.297 0.551 99.4 1.12 171 0.8 43144.18115 10 103.08 0.13 351.37 0.09 8.28 0.54 91.54 2.14 245.49 1.43 4 XXX XXX
V00000230 7.938 0.507 93.26 1.09 81.84 0.71 41751.61946 10 89.99 0.22 259.88 0.15 4.785 0.746 69.65 2.93 22.71 2.21 4 XXX XXX
V00000234 7.786 0.608 75.86 1.06 341.15 0.76 27984.5908 10 100.78 0.13 158.64 0.11 3.936 0.591 99.41 3.46 125.35 2.47 3 XXX XXX
V00000250 8.278 0.549 80.78 0.63 315.51 0.64 45308.17728 10 95.49 0.11 134.12 0.09 16.303 0.552 94.76 0.9 194.38 0.62 4 XXX XXX
V00000303 8.555 0.647 73.16 0.77 307.96 0.6 42163.73442 10 104.39 0.12 129.71 0.08 3.237 1.071 51.46 2.94 173.19 2.94 4 XXX XXX
V00000313 8.218 0.503 92.07 0.66 156.62 0.51 43672.95698 10 96.37 0.13 335.95 0.09 6.109 1.169 45.73 2.03 255.32 1.89 4 XXX XXX
V00000325 8.515 0.55 85.66 0.99 58.45 0.66 43591.92637 10 95.99 0.14 236.33 0.15 7.387 1.263 39.77 1.35 328.59 1.65 4 XXX XXX
V00000325_2 8.572 0.622 105.13 0.82 11.08 0.6 -999 10 96.31 0.17 195.98 0.12 4.704 0.615 78.44 2.84 297.67 2.03 penetration XXX XXX
V00000330 8.087 0.719 71.33 0.86 198.99 0.68 42368.20554 10 103.01 0.16 22.87 0.12 2.263 1.138 47.57 4.08 96.43 4.46 4 XXX XXX
V00000379 7.314 0.521 84.1 0.62 17.29 0.61 44405.75993 10 95.26 0.16 198.14 0.11 3.995 0.887 118.31 3.73 295.31 2.83 4 XXX XXX
V00000420 7.616 0.508 86.44 1.03 224.46 0.74 -999 10 97.68 0.14 49.03 0.1 18.683 0.616 78.38 0.51 135.92 0.43 penetration XXX XXX
V00000499 8.597 0.513 94.3 1.02 248.58 0.67 28654.41943 10 101.68 0.44 67.2 0.32 3.404 0.59 99.37 4.32 270.06 3.01 3 XXX XXX
V00000547 7.803 0.515 85.08 0.81 50.04 0.67 43510.28608 10 95.31 0.14 226.35 0.1 10.613 1.135 47.76 0.99 7.94 0.94 4 XXX XXX
V00000574 7.759 0.644 73.37 0.72 334.1 0.58 44688.65249 10 103.52 0.09 155.22 0.09 10.011 0.743 69.84 0.94 252.49 0.79 4 XXX XXX
V00000705 7.942 0.561 79.69 1.14 237.48 0.82 -999 10 86.06 0.28 55.97 0.19 5.06 1.252 40.52 1.82 301.37 2.14 penetration XXX XXX
V00000717 8.063 0.52 84.21 1.28 219.47 0.68 42319.45581 10 92.8 0.12 38.3 0.09 2.249 1.301 37.18 5.12 125.9 5.71 4 XXX XXX
V00000717_2 7.655 0.551 94.5 0.72 344.13 0.64 27526.26934 10 85.27 0.31 164.18 0.21 7.922 1.297 37.44 0.97 71 1.21 3 XXX XXX
V00000736 8.077 0.508 86.39 0.58 21.2 0.49 26702.43612 10 106.09 0.09 205.6 0.08 2.103 0.609 78.99 5.43 99.37 4.62 3 XXX XXX
V00000775 8.082 0.67 71.73 0.98 145.66 0.74 27422.48695 10 109.04 0.12 326.33 0.09 16.791 0.825 65.13 0.73 60.37 0.6 3 XXX XXX
V00000824 8.64 0.529 83 1.02 57.34 0.67 28495.63403 10 98.43 0.14 238.24 0.11 11.957 0.558 95.61 1.51 138.66 1.04 3 XXX XXX
V00000861 9.745 0.537 97.91 0.7 321.03 0.54 -999 10 94 0.12 140.3 0.11 15.019 0.542 92.33 0.95 183 0.74 penetration XXX XXX
V00000909 8.907 0.591 77.14 0.69 168.67 0.56 28033.03763 10 101.42 0.19 344.59 0.13 8.246 0.661 75.09 1.43 134.15 1.14 3 XXX XXX
V00000946 8.962 0.504 87.33 0.75 159.54 0.63 43030.31891 10 92.51 0.2 339.97 0.15 10.426 0.611 78.82 1.01 42.16 0.88 4 XXX XXX
V00000995 8.597 0.587 99 0.55 40.67 0.57 39510.9297 10 92.14 0.14 217.21 0.1 15.063 0.618 101.74 0.71 323.71 0.64 4 XXX XXX
V00001018 8.389 0.555 80.2 1.03 87.48 0.71 44805.76487 10 100.91 0.13 266.74 0.1 13.272 1.013 125.27 0.6 143.32 0.65 4 XXX XXX
V00001052 8.231 0.536 97.87 0.85 131.84 0.62 -999 10 91.37 0.23 310.28 0.16 8.518 1.067 51.69 1.29 176.82 1.31 penetration XXX XXX
V00001136 8.006 0.547 93.77 0.94 294.56 0.72 -999 10 83.19 0.16 110.56 0.11 3.545 1.236 41.54 3.39 6.01 2.49 penetration XXX XXX
V00001208 8.844 0.569 101.05 0.54 325.07 0.57 45371.44505 10 82.91 0.14 144.74 0.1 1.545 1.047 52.84 13.4 92.41 11.42 4 XXX XXX
V00001274 8.209 0.675 71.35 0.56 245.53 0.59 43805.68769 10 102.8 0.2 69.26 0.14 4.183 1.114 49.01 3.08 199.05 2.89 4 XXX XXX
V00001335 7.837 0.542 81.59 0.91 303.47 0.73 43841.4868 10 95.21 0.25 120.95 0.18 5.75 0.632 77.14 1.96 240.1 1.77 4 XXX XXX
V00001364 6.976 0.571 78.79 1.07 55.16 0.82 43358.36485 10 93.52 0.15 232.51 0.11 2.452 0.564 83.56 9.51 109.61 6.91 4 XXX XXX
V00001420 9.042 0.554 80.83 0.98 20.63 0.68 29390.20262 10 93.55 0.18 197.68 0.13 10.059 0.563 83.64 1.73 311.76 1.22 3 XXX XXX
V00001423 7.509 0.506 86.74 1.13 87.74 0.72 -999 10 100.56 0.18 267.12 0.13 2.628 0.984 123.66 4.77 140.88 3.83 penetration XXX XXX
V00001445 8.981 0.545 81.16 1.05 211.62 0.75 27525.32571 10 88.07 0.34 35.15 0.24 12.167 1.523 16.62 0.79 269.54 2.25 3 XXX XXX
V00001446 9.252 0.525 96.07 1.02 156.03 0.71 -999 10 81.96 0.18 339.21 0.13 5.397 0.957 57.84 1.74 112.19 1.61 penetration XXX XXX
V00001477 7.196 0.575 78.43 0.87 306.21 0.73 42704.85936 10 95.96 0.19 126.88 0.14 2.057 1.071 51.46 6.18 247.3 5.75 4 XXX XXX
V00001542 8.54 0.662 72.25 0.59 91.04 0.52 27981.88388 10 108.76 0.15 267.45 0.11 6.446 1.076 128.79 1.67 142.76 1.5 3 XXX XXX
V00001681 8.393 0.527 96.8 0.68 196.26 0.56 28947.89648 10 87.68 0.2 15.73 0.14 12.201 0.541 88.18 1.21 258.01 0.84 3 XXX XXX
V00001704 7.248 0.68 73.77 1.07 109.16 0.79 43374.51162 10 100.84 0.17 285.75 0.11 3.136 0.724 109 3.08 41.36 2.56 4 XXX XXX
V00001709 8.237 0.5 90.5 0.96 150.87 0.66 42283.51439 10 91.57 0.17 331.31 0.12 12.322 0.841 64.24 1.27 118.32 1.01 4 XXX XXX
V00001735 8.807 0.61 104.31 0.75 39.76 0.56 -999 10 83.67 0.12 214.62 0.08 9.451 0.54 88.24 1.17 174.37 0.96 penetration XXX XXX
V00001754 9.693 0.573 82.44 0.85 174.79 0.66 28115.74668 10 90.64 0.16 352.07 0.11 10.989 0.623 77.83 1.2 76.64 0.84 3 XXX XXX
V00001758 8.634 0.742 67.25 0.93 143.38 0.68 -999 10 103.81 0.15 323.59 0.11 3.089 0.877 62.27 6.34 94.31 4.79 penetration XXX XXX
V00001822 8.977 0.617 76.07 1.04 246.9 0.71 42139.21206 10 92.61 0.17 66.08 0.14 5.182 1.01 54.9 2.88 120.95 2.42 4 XXX XXX
V00001853 8.566 0.669 71.79 0.98 39.68 0.71 -999 10 110.47 0.15 220.19 0.11 12.415 1.195 135.87 0.99 110.88 0.9 penetration XXX XXX
V00001930 8.44 0.764 66.77 1.51 111.64 1.1 -999 10 80.34 0.1 297.13 0.08 4.528 0.601 100.32 1.81 359.42 1.4 penetration XXX XXX
V00001934 8.627 0.51 85.83 0.67 184.68 0.44 28392.87018 10 98.84 0.14 4.56 0.09 16.189 1.036 53.48 0.82 272.06 0.73 3 XXX XXX
V00001987 8.555 0.512 85.49 0.5 88.53 0.46 28771.53424 10 98.9 0.13 270.21 0.1 2.424 0.556 84.62 4.98 199.75 4.27 3 XXX XXX
V00001991 7.932 0.5 90.6 0.76 256.5 0.6 41438.03273 10 93.03 0.12 78.99 0.1 7.639 0.743 69.87 1.33 163.25 1.19 4 XXX XXX
V00002108 8.032 0.506 93.24 1.04 212.76 0.67 -999 10 90.33 0.13 36.2 0.12 3.537 0.791 67.08 4.27 230.3 3.17 penetration XXX XXX
V00002172 8.644 0.556 99.85 0.97 163.62 0.65 43345.92905 10 88.48 0.13 344.85 0.12 2.371 0.623 77.86 7.69 225.07 5.6 4 XXX XXX
V00002304 7.746 0.597 76.65 0.83 68.79 0.69 -999 10 99.85 0.08 245.77 0.08 13.372 0.903 119.17 0.74 326.35 0.77 penetration XXX XXX
V00002314 8.147 0.516 84.77 0.86 146.06 0.55 44598.94817 10 103.46 0.17 328.49 0.12 4.822 0.783 67.51 2.06 208.04 1.74 4 XXX XXX
V00002348 8.278 0.557 100.02 0.69 317.07 0.65 -999 10 91.53 0.13 136.69 0.11 4.775 0.618 101.73 3.06 50.24 2.08 penetration XXX XXX
V00002431 8.079 0.524 96.4 0.93 14.27 0.66 42183.67319 10 84.38 0.28 192.05 0.18 6.343 0.542 87.54 2.23 293.14 1.7 4 XXX XXX
V00002449 7.897 0.702 69.61 0.89 318.67 0.68 43892.82332 10 111.39 0.1 139.01 0.08 8.992 0.539 90.37 1.29 28.52 1.19 4 XXX XXX
V00002480 8.191 0.5 89.56 0.87 156.59 0.61 42096.94495 10 94.52 0.14 337.17 0.1 2.017 0.568 96.95 5.48 228.96 4.51 4 XXX XXX
V00002611 7.909 0.637 76.76 1.07 232.27 0.74 -999 10 105.15 0.23 56.43 0.17 2.591 0.571 97.36 5.21 179.63 3.93 penetration XXX XXX
V00002648 7.842 0.712 69.1 0.75 58.53 0.62 43029.58317 10 103.54 1.03 238.27 0.72 1.998 0.887 61.7 5.85 111.84 4.97 4 XXX XXX
V00002686 9.3 0.831 62.09 0.62 110.23 0.56 -999 10 94.88 2.72 294.62 1.84 3.995 0.637 76.79 3.67 223.63 2.67 penetration XXX XXX
V00002746 8.753 0.644 73.39 1.01 160.84 0.74 27091.05356 10 97.8 0.26 340.97 0.18 6.261 0.544 86.94 2.76 52.72 1.92 3 XXX XXX
V00002797 7.59 0.518 84.6 1.09 229.25 0.73 -999 10 105.07 0.08 50 0.08 9.064 0.541 87.94 0.71 172.46 0.72 penetration XXX XXX
V00002844 8.746 0.575 78.48 0.57 107.14 0.46 43609.23841 10 100.32 0.11 282.41 0.09 2.108 1.532 15.27 2 186.31 6.42 4 XXX XXX
V00002849 8.424 0.679 71.13 0.94 248.59 0.68 41920.89971 10 97.26 0.28 71.42 0.19 10.958 0.919 59.95 0.86 171.92 0.85 4 XXX XXX
V00002885 7.748 0.57 101.16 1.07 28.08 0.7 43810.90152 10 87.18 0.1 207.7 0.09 12.731 0.647 76.05 1.21 324.33 0.86 4 XXX XXX
V00002958 8.089 0.606 103.95 1.52 332.89 1.23 45676.69318 10 93.55 0.14 147.07 0.09 9.124 1.078 51.06 1.48 81.25 1.35 4 XXX XXX
V00002973 8.035 0.515 85.09 0.66 58.31 0.55 41978.43711 10 99.05 0.09 241.33 0.08 20.184 0.556 95.37 0.74 347.26 0.53 4 XXX XXX
V00002978 8.133 0.55 85.75 0.56 65.84 0.51 42642.83306 10 95.14 0.16 244.57 0.12 8.549 0.555 84.74 1.49 326.46 1.22 4 XXX XXX
V00002985 7.132 0.54 91.52 0.93 286.39 0.71 -999 10 92.03 0.16 104.07 0.12 16.521 0.634 103.02 0.5 168.29 0.51 penetration XXX XXX
V00002996 7.505 0.711 69.11 0.93 40.54 0.73 42315.20413 10 102.14 0.14 216.41 0.1 1.922 0.637 103.21 11 348.31 7.74 4 XXX XXX
V00003071 7.758 0.505 92.8 1.01 276.83 0.67 26796.83329 10 83.13 1.81 98.32 1.32 3.366 0.909 119.49 5.64 15.42 4.61 3 XXX XXX
V00003081 6.571 0.61 75.74 1.16 316.51 0.82 43339.48537 10 105.88 0.12 136.81 0.08 9.025 0.889 118.43 1.32 72.69 1.13 4 XXX XXX
V00003090 7.956 0.5 90.4 1.05 213.23 0.69 -999 10 102.1 0.19 33.32 0.15 3.822 0.996 55.69 3.63 264.9 3 penetration XXX XXX
V00003133 7.291 0.578 78.16 1.2 239.28 0.84 42395.56337 10 95.41 0.22 57.21 0.16 0.956 1.18 45.09 11.08 86.54 10.43 4 XXX XXX
V00003192 7.809 0.512 85.55 0.54 341.36 0.55 41123.89834 10 97.1 0.15 161.27 0.09 6.893 0.581 98.44 1.84 127.98 1.47 4 XXX XXX
V00003226 7.371 0.804 63.61 1.72 253.26 1.34 43488.01983 10 98.62 0.17 78.36 0.13 7.276 1.056 127.64 1.87 328.73 1.59 4 XXX XXX
V00003282 7.758 0.569 78.92 0.9 256.27 0.68 44938.31165 10 100.33 0.16 75 0.12 12.395 0.701 72.42 1.39 274.29 1.03 4 XXX XXX
V00003380 8.417 0.535 82.27 0.91 152.63 0.58 43730.86361 10 100.15 0.16 331.81 0.1 9.892 0.823 65.27 1.29 99.51 1 4 XXX XXX
V00003387 8.648 0.583 77.75 0.62 83.15 0.57 -999 10 102.21 0.17 260.61 0.13 3.335 0.663 74.89 2.19 14.7 2.33 penetration XXX XXX
V00003484 8.415 0.531 82.8 0.69 309.62 0.56 42766.39459 10 97.06 0.08 133.54 0.07 5.972 0.742 69.91 2.46 199.55 1.77 4 XXX XXX
V00003510 8.49 0.501 88.77 1.05 295.76 0.75 28281.48348 10 95.31 0.19 117.42 0.18 1.485 1.498 160.16 4.76 5.99 11.5 3 XXX XXX
V00003514 8.341 0.689 109.55 0.7 335.42 0.62 27155.39211 10 79.2 0.16 156.22 0.16 2.92 1.209 43.25 3.47 181.06 3.78 3 XXX XXX
V00003530 7.276 0.52 84.24 0.89 147.02 0.78 43592.24985 10 100.79 0.16 326.36 0.11 15.733 1.25 40.62 0.72 59.69 0.7 4 XXX XXX
V00003564 8.184 0.67 71.67 0.99 82.64 0.7 27874.30353 10 111.16 0.1 261.68 0.09 14.58 0.899 118.97 0.66 170.4 0.58 3 XXX XXX
V00003589 8.506 0.516 95.12 0.58 359.04 0.49 43059.6226 10 89.29 0.17 171.61 0.12 15.438 0.791 67.04 0.89 301.58 0.69 4 XXX XXX
V00003607 8.348 0.581 77.9 0.85 156.13 0.64 42463.55234 10 100.02 0.1 335.92 0.08 10.545 0.593 99.65 1.55 73.41 1.08 4 XXX XXX
V00003635 8.399 0.511 85.81 0.91 270.7 0.59 41987.81359 10 88.03 0.12 88.6 0.1 14.107 0.718 108.64 0.9 165.61 0.74 4 XXX XXX
V00003645 8.209 0.539 81.78 0.59 192.21 0.57 43319.06783 10 96.14 0.16 11.73 0.12 12.215 0.922 59.75 1.28 101.66 1.04 4 XXX XXX
V00003657 8.172 0.526 83.35 1.13 337.32 0.69 43648.96437 10 97.54 0.23 156.92 0.16 1.997 1.266 39.58 4.08 76.1 5.02 4 XXX XXX
V00003666 7.139 0.584 81.24 1.39 121.13 0.99 27694.8987 10 87.35 0.13 297.96 0.09 1.475 1.149 46.96 7.24 184.23 6.74 3 XXX XXX
V00003668 7.828 0.669 71.73 1.04 317.08 0.73 43800.58947 10 104.79 0.13 136.17 0.09 5.644 1.117 48.81 1.76 245.42 1.65 4 XXX XXX
V00003685 8.682 0.518 84.53 0.87 170.35 0.55 42637.26949 10 96.02 0.21 346.48 0.14 15.564 0.554 85.06 1.04 314.03 0.7 4 XXX XXX
V00003701 8 0.601 76.34 1.03 245.99 0.69 -999 10 106.73 0.14 64.86 0.1 3.697 0.551 94.47 3.85 0.95 2.79 penetration XXX XXX
V00003722 7.819 0.528 83.1 1.14 193.54 0.8 -999 10 100.43 0.21 13.76 0.15 4.994 1.154 46.65 2.36 71.64 2.37 penetration XXX XXX
V00003735 8.023 0.564 100.59 1.06 302.07 0.69 42811.80527 10 87.59 0.15 127.8 0.13 3.515 0.582 98.54 4.27 51.99 3.24 4 XXX XXX
V00003739 8.742 0.823 65.27 0.74 344 0.6 27505.61141 10 110.17 0.16 165.28 0.12 1.635 0.781 112.37 8.52 129.79 6.41 3 XXX XXX
V00003755 7.764 0.5 89.23 1.01 140.43 0.71 45122.96437 10 98.02 0.21 320.36 0.15 8.042 0.99 56.03 1.66 247.91 1.32 4 XXX XXX
V00003873 8.342 0.5 90.44 0.5 183.54 0.51 -999 10 89.26 0.15 356.31 0.12 1.667 0.565 83.45 7.88 82.38 5.68 penetration XXX XXX
V00003981 8.423 0.501 88.5 0.7 89.21 0.56 41375.13537 10 97.73 0.2 267.16 0.14 1.902 0.927 59.52 6.29 185.78 5.26 4 XXX XXX
V00003981_2 9.218 0.6 76.43 0.91 17.86 0.66 27507.65645 10 85.34 1.18 197.01 0.96 3.513 1.375 31.69 2.17 298.12 3.06 3 XXX XXX
V00003997 7.852 0.5 89.75 1.07 6.94 0.69 41226.17531 10 89.48 0.16 188 0.11 18.436 0.671 105.63 0.84 123.7 0.6 4 XXX XXX
V00004057 8.72 0.573 82.4 0.49 96.27 0.43 43415.32101 10 99.45 0.16 274.52 0.12 2.563 1.38 31.3 2.84 344.65 4.09 4 XXX XXX
V00004155 8.315 0.581 102.08 0.87 357.44 0.62 42991.87886 10 80.1 0.21 175.69 0.15 8.983 0.84 64.32 1 236.97 0.92 4 XXX XXX
V00004212 8.076 0.541 81.59 0.88 64.58 0.62 41487.8861 10 90.41 0.2 247.35 0.14 8.773 0.651 104.21 0.84 181.2 0.83 4 XXX XXX
V00004218 8.355 0.511 94.23 1.1 333.91 0.79 29115.1484 10 95.81 0.2 152.41 0.13 7.025 0.825 65.14 1.97 269.21 1.52 3 XXX XXX
V00004226 8.747 0.542 81.56 0.47 183.15 0.46 -999 10 98.14 0.22 5.52 0.16 2.499 1.03 53.8 4.46 293.75 4.07 penetration XXX XXX
V00004275 8.142 0.569 79.03 0.46 35.59 0.49 44234.7593 10 96.55 0.14 209.15 0.1 3.72 0.818 65.52 2.25 264.41 2.32 4 XXX XXX
V00004307 8.99 0.564 79.41 0.54 201.84 0.52 27372.74679 10 101.77 0.17 22.99 0.12 11.855 1.344 34.04 0.83 151.09 1.06 3 XXX XXX
V00004311 7.555 0.639 73.68 0.75 332.91 0.6 -999 10 113.19 0.17 150.3 0.13 10.785 0.715 108.46 1.25 227.04 0.93 penetration XXX XXX
V00004347 7.998 0.813 63.1 0.99 199.57 0.75 26827.80433 10 116.92 0.15 16.96 0.12 13.739 0.573 82.47 0.68 330.41 0.62 3 XXX XXX
V00004347_2 8.342 0.528 83.14 1.01 335.98 0.7 43024.66947 10 101.97 0.11 153.84 0.09 12.227 0.825 114.88 1.25 35.43 0.95 4 XXX XXX
V00004355 7.788 0.505 92.73 1.1 238.79 0.67 27852.00468 10 93.44 0.17 58.35 0.13 1.668 0.639 103.35 13.76 109.78 8.42 3 XXX XXX
V00004409 7.898 0.502 88.4 0.44 277.52 0.45 43824.44475 10 96.58 0.17 96.89 0.13 12.362 0.587 80.94 1 349.14 0.72 4 XXX XXX
V00004412 8.898 0.612 75.55 0.95 126.46 0.7 42685.83125 10 93.14 0.16 308.05 0.12 8.951 1.015 125.36 1.25 271.88 1.19 4 XXX XXX
V00004461 8.385 0.569 78.93 1.07 234.97 0.78 28192.13732 10 91.8 0.11 56.04 0.12 15.521 0.748 110.42 1.11 153.54 0.82 3 XXX XXX
V00004487 8.061 0.525 83.48 0.99 20.77 0.7 42523.13059 10 86.89 0.22 201.52 0.16 3.302 0.545 93.28 5.49 85.8 3.86 4 XXX XXX
V00004505 8.35 0.553 80.43 1.03 316.74 0.66 41591.64709 10 97.51 0.12 134.26 0.09 8.906 0.886 61.74 1.16 169.49 1.09 4 XXX XXX
V00004639 8.657 0.64 103.42 0.97 176.13 0.68 -999 10 91.43 0.21 354.69 0.15 1.746 1.278 141.25 6.46 132.32 7.18 penetration XXX XXX
V00004796 7.605 0.5 89.38 1.16 310.08 0.79 -999 10 101.47 0.25 132.48 0.19 3.509 0.999 124.45 4.09 24.52 3.33 penetration XXX XXX
V00004839 8.074 0.539 90.3 0.72 167.44 0.51 -999 10 92.42 0.17 350.36 0.11 15.604 0.543 92.73 0.55 98.45 0.49 penetration XXX XXX
V00004881 7.486 0.565 79.34 1.17 335.66 0.79 -999 10 104.74 0.12 157.43 0.11 6.263 0.609 78.99 2.74 118.02 1.58 penetration XXX XXX
V00004890 8.123 0.56 79.8 1.06 27.6 0.72 -999 10 90.43 0.17 208.29 0.13 4.523 0.62 101.91 2.92 310.44 2.28 penetration XXX XXX
V00004900 8.743 0.647 73.17 1 84.03 0.7 43402.33307 10 98.35 0.2 260.34 0.15 9.019 0.732 70.54 1.82 143.82 1.37 4 XXX XXX
V00004905 8.19 0.518 84.54 0.63 66.28 0.56 30250.46722 10 98.3 0.16 241.68 0.11 10.721 0.548 93.91 1.31 92.47 0.93 3 XXX XXX
V00005010 8.349 0.52 95.75 0.99 113.12 0.67 42363.11442 10 80.33 0.16 293.94 0.11 3.991 0.782 112.43 4.68 188.19 3.7 4 XXX XXX
V00005088 8.445 0.54 91.35 0.88 109.06 0.63 42401.91337 10 95.43 0.15 288.25 0.12 3.52 1.397 29.85 2.47 42.7 3.59 4 XXX XXX
V00005147 7.849 0.582 81.51 1.11 81.04 0.74 43662.66426 10 98.61 0.42 255.09 0.29 6.01 0.65 75.86 2.08 341.42 1.77 4 XXX XXX
V00005323 8.289 0.675 108.68 1.09 5.08 0.78 43273.71039 10 87.2 0.16 184.87 0.13 5.707 1.344 34.04 1.92 102.46 2.48 4 XXX XXX
V00005400 9.569 0.507 93.48 0.9 270.51 0.6 40745.60361 10 98.7 0.18 89.87 0.12 3.887 0.844 64.06 2.38 185.8 2.3 4 XXX XXX
V00005440 8.551 0.804 63.68 0.95 92.08 0.76 -999 10 108.87 0.17 272.07 0.13 11.527 1.088 129.48 1.11 349.18 1.02 penetration XXX XXX
V00005455 7.548 0.593 80.34 0.56 85.77 0.57 -999 10 102.03 0.2 260.55 0.15 4.041 0.741 69.96 2.37 148.39 2.11 penetration XXX XXX
V00005532 7.386 0.503 92.16 0.59 276.93 0.6 -999 10 92.04 0.16 96.07 0.11 10.069 0.701 107.54 1.17 347.38 0.9 penetration XXX XXX
V00005568 8.996 0.512 94.42 0.53 159.88 0.51 -999 10 83.48 0.18 339.98 0.11 7.18 0.905 119.28 1.29 289.37 1.24 penetration XXX XXX
V00005651 8.613 0.601 76.34 0.74 64.89 0.55 42638.63805 10 99.01 0.18 240.61 0.15 4.572 0.944 58.56 2.05 174.09 1.99 4 XXX XXX
V00005737 7.452 0.613 75.5 1.13 272.18 0.78 27762.37289 10 110.95 0.11 92.45 0.1 9.846 0.753 69.27 1.34 206.92 1 3 XXX XXX
V00005758 7.816 0.712 69.07 0.62 5.44 0.46 -999 10 94.37 0.19 191.04 0.15 7.758 0.799 66.6 1.62 85.94 1.25 penetration XXX XXX
V00005803 8.287 0.646 73.24 0.58 31.3 0.53 -999 10 102.45 0.1 211.02 0.09 4.869 0.581 81.57 2.41 351.65 1.95 penetration XXX XXX
V00005805 9.07 0.737 67.65 0.9 75.21 0.62 27808.98113 10 103.98 0.15 255.38 0.11 4.018 1.297 37.46 2.07 319.67 2.46 3 XXX XXX
V00005811 8.26 0.501 88.84 0.74 99.48 0.59 41496.00101 10 90.08 0.16 280.84 0.1 10.657 0.628 77.41 0.91 190.37 0.79 4 XXX XXX
V00005847 8.458 0.709 110.79 0.56 279.61 0.54 -999 10 72.51 0.27 97.02 0.2 12.479 0.951 58.18 0.91 179.5 0.86 penetration XXX XXX
V00005863 7.672 0.512 85.57 1.04 104.7 0.67 43352.06212 10 97.16 0.1 285.83 0.1 7.937 0.657 75.36 2.11 222 1.48 4 XXX XXX
V00005948 8.22 0.687 70.58 0.8 98.96 0.62 43190.39209 10 104.03 0.28 277.88 0.2 3.226 0.663 105.07 3.15 181.23 2.69 4 XXX XXX
V00005959 8.034 0.514 85.1 1.06 226.16 0.74 -999 10 94.1 0.12 48.88 0.09 2.19 1.288 38.1 4 129.76 4.78 penetration XXX XXX
V00005968 8.081 0.514 85.2 0.98 2.55 0.69 -999 10 101.27 0.16 184.72 0.11 10.485 0.691 73.07 1.52 55.8 0.89 penetration XXX XXX
V00005973 8.503 0.507 93.51 0.54 147.69 0.48 29851.98877 10 93.65 0.09 326.31 0.09 8.751 0.618 78.25 0.74 190.59 0.83 3 XXX XXX
V00005983 9.373 0.584 81.25 0.63 58.57 0.56 26859.84677 10 93.04 0.17 234.77 0.12 11.793 0.566 83.23 1.51 300.43 1.08 3 XXX XXX
V00006045 9.435 0.509 93.72 1.04 59.42 0.73 42886.97894 10 81.56 0.17 239.2 0.11 8.804 0.87 117.36 1.29 321.57 1.17 4 XXX XXX
V00006103 9.052 0.528 83.11 0.51 321.11 0.49 42290.28803 10 96.9 0.09 140.64 0.07 7.635 0.584 81.3 1.57 101.1 1.27 4 XXX XXX
V00006171 7.488 0.572 78.73 0.77 258.43 0.61 26696.47673 10 100.12 0.18 84.62 0.11 2.606 1.137 47.68 3.41 131.25 3.38 3 XXX XXX
V00006280 8.946 0.559 79.89 1 24.57 0.66 -999 10 97.64 0.18 205.1 0.13 2.42 0.676 74.05 5.89 147.87 4.91 penetration XXX XXX
V00006342 7.65 0.561 96.13 0.91 153.98 0.65 -999 10 83.59 0.19 334.21 0.13 10.862 0.696 72.76 0.74 218.74 0.72 penetration XXX XXX
V00006367 8.612 0.526 96.55 0.94 321.61 0.63 -999 10 83.1 0.16 137.32 0.1 5.132 0.754 69.19 1.95 283.33 1.72 penetration XXX XXX
V00006397 8.208 0.511 85.68 0.65 217.53 0.6 44384.69611 10 89.7 0.19 37.58 0.13 5.193 0.564 96.49 3.16 316.29 2.17 4 XXX XXX
V00006447 7.695 0.542 98.51 0.76 280.62 0.56 29022.94497 10 86.73 0.18 99.68 0.12 8.194 0.733 70.47 1.57 44.11 1.32 3 XXX XXX
V00006496 8.663 0.5 90.36 0.66 158.21 0.65 27296.85472 10 94.17 0.17 336.23 0.12 18.344 0.638 76.72 0.77 291.71 0.52 3 XXX XXX
V00006590 7.55 0.561 79.71 0.77 54.05 0.61 26383.47225 10 104.94 0.19 232.47 0.14 0.793 1.127 48.23 45.72 140.69 27.6 3 XXX XXX
V00006614 8.314 0.54 91.48 0.92 131.95 0.71 41227.84247 10 87.34 0.18 313.08 0.12 8.815 0.977 56.74 1.33 35.89 1.09 4 XXX XXX
V00006678 8.083 0.538 82.07 1.01 55.81 0.71 27758.78702 10 101.17 0.18 233.89 0.15 5.013 0.539 88.92 2.99 336.53 1.93 3 XXX XXX
V00006736 7.443 0.5 90.25 1.15 123.22 0.83 42169.16529 10 91.57 0.14 304.81 0.1 2.595 0.545 86.72 7.18 156.1 4.85 4 XXX XXX
V00006829 7.987 0.511 94.3 1 81.47 0.71 43443.89279 10 79.64 0.23 260.94 0.17 10.935 0.541 92.05 1.27 341.49 0.99 4 XXX XXX
V00006914 8.745 0.536 82.21 0.84 214.5 0.58 44704.68941 10 96.16 0.19 32.95 0.17 5.043 0.695 72.84 2.67 301.48 2.02 4 XXX XXX
V00006923 8.262 0.741 67.29 0.77 4.69 0.61 -999 10 111.46 0.26 184.57 0.2 3.725 0.592 80.45 2.76 135 2.33 penetration XXX XXX
V00007000 8.38 0.5 90.27 0.98 286.92 0.65 43394.89408 10 93.02 0.2 104.21 0.14 10.368 0.608 100.98 1.22 27.47 0.72 4 XXX XXX
V00007014 7.735 0.537 97.97 0.72 112.68 0.63 40441.77429 10 95 0.16 295.94 0.11 11.802 1.124 48.42 1.14 223.53 1.06 4 XXX XXX
V00007035 7.875 0.5 90.16 0.76 20.97 0.56 27657.21652 10 98.81 0.16 195.24 0.11 5.927 0.912 60.34 2.17 121.4 1.67 3 XXX XXX
V00007049 7.328 0.5 89.21 0.83 156.14 0.61 -999 10 100.53 0.14 337.29 0.1 3.211 0.924 59.65 2.91 255.36 2.5 penetration XXX XXX
V00007107 7.88 0.655 72.63 1.08 275.64 0.77 -999 10 101.14 0.21 96.02 0.16 5.618 1.059 127.85 2.17 176.63 1.98 penetration XXX XXX
V00007117 7.806 0.51 86.04 1.02 306.86 0.7 -999 10 95.74 0.11 122.63 0.1 8.542 1.213 43.02 1.42 51.24 1.47 penetration XXX XXX
V00007124 7.07 0.531 97.23 0.67 183.89 0.69 43929.49649 10 88.31 0.18 4.03 0.12 9.131 0.629 102.65 1.56 99.62 1.19 4 XXX XXX
V00007191 7.605 0.501 88.93 0.56 34.52 0.53 -999 10 92.22 0.25 214.29 0.17 4.722 0.895 61.26 2.65 75.68 2.24 penetration XXX XXX
V00007195 7.787 0.612 75.72 1.21 304.4 0.88 43563.56224 10 106.08 0.16 129.77 0.11 5.506 0.795 66.81 1.89 221.66 1.79 4 XXX XXX
V00007271 6.673 0.641 73.59 1 257.66 0.78 29041.4718 10 106.15 0.15 82.97 0.1 11.093 0.571 82.65 1.16 26.18 0.81 3 XXX XXX
V00007322 8.547 0.652 107.18 1.02 178.28 0.72 -999 10 80.16 0.16 1.53 0.18 11.773 0.591 80.53 1.18 25.95 0.89 penetration XXX XXX
V00007323 8.482 0.629 74.4 1.1 224.65 0.77 -999 10 97.41 0.14 44.24 0.1 54.263 0.654 75.53 1.69 73.59 1.14 penetration XXX XXX
V00007359 7.744 0.525 96.41 1.14 188.91 0.78 43044.43561 10 98.06 0.11 10.45 0.12 5.192 0.592 99.51 3.04 311.25 2 4 XXX XXX
V00007364 10.243 0.719 108.68 2.05 25.6 1.32 41841.78169 10 92.91 0.37 209.41 0.25 26.754 1.248 139.26 1.7 84.18 2 4 XXX XXX
V00007432 7.665 0.518 84.49 0.98 117.25 0.67 42989.02777 10 96.63 0.13 296.9 0.09 3.977 0.886 61.78 2.95 349.23 2.34 4 XXX XXX
V00007511 8.462 0.504 87.53 0.61 312.94 0.59 43072.42004 10 83.86 0.23 132.97 0.18 1.887 0.596 80.07 11.65 305.66 9.89 4 XXX XXX
V00007517 7.501 0.52 84.28 0.78 71.42 0.58 43307.4501 10 99.56 0.19 252.23 0.14 4.857 0.582 81.43 5.91 347.44 4.26 4 XXX XXX
V00007556 8.29 0.533 82.54 0.52 42.2 0.48 41713.37767 10 98.42 0.13 222.96 0.09 5.08 0.792 67.02 2.84 127.81 2.22 4 XXX XXX
V00007568 7.333 0.539 81.8 0.92 15.18 0.8 27827.70094 10 98.35 0.12 193.79 0.11 2.253 0.732 109.46 6.57 100.16 5.09 3 XXX XXX
V00007633 8.93 0.594 76.9 0.53 77.16 0.52 -999 10 107.57 0.27 257.17 0.19 5.599 0.617 101.71 1.71 323.08 1.57 penetration XXX XXX
V00007649 7.878 0.502 88.27 1.09 80.6 0.71 28754.77699 10 97.07 0.16 263.29 0.1 5.245 1.036 53.47 1.66 139.48 1.73 3 XXX XXX
V00007677 8.006 0.548 80.89 1.01 74.51 0.68 45368.33924 10 86.49 0.23 252.04 0.17 6.176 1.29 37.96 1.57 139.17 1.85 4 XXX XXX
V00007689 7.417 0.588 102.6 0.9 294.8 0.72 -999 10 87.28 0.14 116.77 0.1 4.419 0.587 80.93 2.68 192.79 2.36 penetration XXX XXX
V00007711 8.788 0.565 79.36 1.03 214.51 0.66 26578.69718 10 107.76 0.18 30.85 0.14 6.007 0.766 68.49 2.61 77.54 1.98 3 XXX XXX
V00007849 8.533 0.545 86.78 0.87 96.02 0.66 28862.49717 10 91.74 0.26 272.7 0.18 4.166 0.824 65.19 3.1 12.14 2.35 3 XXX XXX
V00007867 9.714 0.643 73.49 2.36 237.71 1.64 -999 10 95.57 0.31 58.88 0.22 9.541 1.303 37.03 1.1 9.26 1.33 penetration XXX XXX
V00007901 9.011 0.627 74.51 0.96 288.1 0.68 28177.3138 10 102.24 0.33 109.96 0.23 7.564 0.902 119.12 1.67 48.55 1.39 3 XXX XXX
V00007927 8.261 0.734 67.76 0.72 233.53 0.59 -999 10 109.19 0.12 54.24 0.08 4.326 0.891 61.5 1.98 276.04 1.9 penetration XXX XXX
V00007977 8.191 0.552 85.38 1.03 166.61 0.69 -999 10 105.25 0.18 349.13 0.13 1.367 1.142 132.62 12.19 243.36 12.12 penetration XXX XXX
V00008003 8.798 0.53 82.93 0.95 207.67 0.67 42074.15938 10 103.43 0.2 28.82 0.15 5.739 1.18 45.08 2.05 229.99 2.08 4 XXX XXX
V00008008 8.811 0.514 85.09 0.89 57.17 0.58 41765.95097 10 94.21 0.11 237.79 0.12 5.134 0.703 72.29 2.14 182.68 1.82 4 XXX XXX
V00008652 7.521 0.632 74.17 0.69 131.37 0.68 -999 10 104.59 0.17 311.96 0.13 6.257 0.941 121.27 2.1 200.76 1.76 penetration XXX XXX
V00008660 7.963 0.565 79.31 1.05 233.78 0.74 28126.26056 10 101.98 0.14 58.91 0.1 5.759 0.896 118.8 2.62 283.79 2.02 3 XXX XXX
V00011758 9.128 0.5 90.51 0.54 40.31 0.45 41542.25606 10 94.5 0.28 220.74 0.2 5.444 0.592 80.48 1.62 296.39 1.5 4 XXX XXX
V00012371 7.541 0.524 83.62 0.54 143.16 0.56 -999 10 97.39 0.12 328.86 0.1 2.473 0.556 84.67 7.77 73.83 5.13 penetration XXX XXX
V00012775 7.925 0.509 93.91 0.75 103.72 0.69 29146.58067 10 96.11 0.16 282.8 0.11 2.554 0.615 78.45 6.41 228.97 4.7 3 XXX XXX
V00014966 8.38 0.504 87.52 1.03 281.02 0.69 42994.83982 10 97.92 0.15 97 0.11 4.559 0.969 122.8 3.62 201.5 3.09 4 XXX XXX
V00015305 8.582 0.681 70.95 0.54 136.5 0.5 28512.63077 10 95.58 1.74 321.25 1.24 7.698 1.077 128.84 2.2 215.97 1.45 3 XXX XXX
V00016466 8.291 0.564 79.41 1.03 286.21 0.69 42395.01084 10 96.03 0.21 101.69 0.15 5.45 0.648 104.03 2.37 233.32 2 4 XXX XXX