#E[MeV/u] dE/dx[MeVcm2/mg] range[mg/cm2] rangestragg.[mg/cm2]
0.0010000 6169.0833021 -0.0000000 0.0000000
0.0010233 6173.9088922 0.0000528 0.0000052
0.0010471 6178.9433162 0.0001069 0.0000075
0.0010715 6184.1946797 0.0001621 0.0000093
0.0010965 6189.6710879 0.0002186 0.0000108
0.0011220 6195.3825535 0.0002763 0.0000123
0.0011482 6201.3381356 0.0003354 0.0000136
0.0011749 6207.5454627 0.0003957 0.0000148
0.0012023 6214.0159778 0.0004574 0.0000160
0.0012303 6220.7582631 0.0005205 0.0000172
0.0012589 6227.7828080 0.0005849 0.0000183
0.0012882 6235.1010554 0.0006508 0.0000194
0.0013183 6242.7239716 0.0007181 0.0000205
0.0013490 6250.6615691 0.0007869 0.0000216
0.0013804 6258.9252908 0.0008573 0.0000227
0.0014125 6267.5265797 0.0009291 0.0000238
0.0014454 6276.4764021 0.0010026 0.0000248
0.0014791 6285.7895383 0.0010776 0.0000259
0.0015136 6295.4750473 0.0011543 0.0000270
0.0015488 6305.5472330 0.0012326 0.0000280
0.0015849 6316.0194453 0.0013127 0.0000291
0.0016218 6326.9026505 0.0013944 0.0000302
0.0016596 6338.2101986 0.0014780 0.0000313
0.0016982 6349.9544863 0.0015633 0.0000323
0.0017378 6362.1502939 0.0016504 0.0000334
0.0017783 6374.8081109 0.0017394 0.0000345
0.0018197 6387.9427178 0.0018303 0.0000356
0.0018621 6401.5646039 0.0019231 0.0000367
0.0019055 6415.6871193 0.0020178 0.0000379
0.0019498 6430.3236142 0.0021145 0.0000390
0.0019953 6445.4826708 0.0022133 0.0000401
0.0020417 6461.1771624 0.0023141 0.0000413
0.0020893 6477.4166248 0.0024171 0.0000424
0.0021380 6494.2105938 0.0025221 0.0000436
0.0021878 6511.5671748 0.0026293 0.0000448
0.0022387 6529.4935197 0.0027387 0.0000460
0.0022909 6547.9924891 0.0028504 0.0000472
0.0023442 6567.1212980 0.0029643 0.0000484
0.0023988 6586.9419290 0.0030805 0.0000497
0.0024547 6607.3690367 0.0031991 0.0000509
0.0025119 6628.4174015 0.0033201 0.0000522
0.0025704 6650.1046648 0.0034434 0.0000535
0.0026303 6672.4460837 0.0035693 0.0000548
0.0026915 6695.4540548 0.0036976 0.0000561
0.0027542 6719.1486033 0.0038285 0.0000574
0.0028184 6743.5402186 0.0039619 0.0000588
0.0028840 6768.6455883 0.0040979 0.0000601
0.0029512 6794.4771090 0.0042366 0.0000615
0.0030200 6821.0471771 0.0043780 0.0000629
0.0030903 6848.3677124 0.0045221 0.0000643
0.0031623 6876.4482508 0.0046689 0.0000657
0.0032359 6905.2978512 0.0048186 0.0000671
0.0033113 6934.9208048 0.0049711 0.0000686
0.0033884 6965.3237865 0.0051264 0.0000700
0.0034674 6996.5077501 0.0052847 0.0000715
0.0035481 7028.4726954 0.0054460 0.0000730
0.0036308 7061.2119474 0.0056102 0.0000745
0.0037154 7094.7660333 0.0057775 0.0000760
0.0038019 7129.3776391 0.0059478 0.0000776
0.0038905 7164.8036019 0.0061213 0.0000791
0.0039811 7201.0601327 0.0062979 0.0000807
0.0040738 7238.1610583 0.0064778 0.0000823
0.0041687 7276.1235431 0.0066608 0.0000839
0.0042658 7314.9628445 0.0068472 0.0000855
0.0043652 7354.6951733 0.0070368 0.0000871
0.0044668 7395.3334029 0.0072298 0.0000888
0.0045709 7436.8946975 0.0074262 0.0000905
0.0046774 7479.3919307 0.0076261 0.0000921
0.0047863 7522.8408364 0.0078294 0.0000938
0.0048978 7567.2533344 0.0080363 0.0000956
0.0050119 7612.6422980 0.0082468 0.0000973
0.0051286 7659.0201238 0.0084608 0.0000990
0.0052481 7706.3982546 0.0086785 0.0001008
0.0053703 7754.7867032 0.0088999 0.0001026
0.0054954 7804.1945285 0.0091250 0.0001044
0.0056234 7854.6288823 0.0093539 0.0001062
0.0057544 7906.0988237 0.0095866 0.0001080
0.0058884 7958.6062598 0.0098231 0.0001098
0.0060256 8012.1569122 0.0100636 0.0001117
0.0061660 8066.7483967 0.0103080 0.0001135
0.0063096 8122.3840511 0.0105564 0.0001154
0.0064565 8179.0581537 0.0108089 0.0001173
0.0066069 8236.7659367 0.0110654 0.0001192
0.0067608 8295.8735748 0.0113260 0.0001211
0.0069183 8355.9128602 0.0115908 0.0001231
0.0070795 8417.0935805 0.0118598 0.0001250
0.0072444 8479.4205037 0.0121331 0.0001270
0.0074131 8542.9031654 0.0124107 0.0001289
0.0075858 8607.5511015 0.0126926 0.0001309
0.0077625 8673.3681264 0.0129789 0.0001329
0.0079433 8740.3656829 0.0132696 0.0001349
0.0081283 8808.5533069 0.0135648 0.0001370
0.0083176 8877.9386270 0.0138646 0.0001390
0.0085114 8948.5340398 0.0141689 0.0001410
0.0087096 9020.3509881 0.0144778 0.0001431
0.0089125 9093.4066365 0.0147914 0.0001452
0.0091201 9167.7171958 0.0151097 0.0001473
0.0093325 9243.3026912 0.0154328 0.0001494
0.0095499 9320.1945907 0.0157607 0.0001515
0.0097724 9398.3042116 0.0160934 0.0001536
0.0100000 9477.7354939 0.0164311 0.0001557
0.0102329 9558.4817626 0.0167737 0.0001579
0.0104713 9640.5477856 0.0171213 0.0001600
0.0107152 9723.9469131 0.0174740 0.0001622
0.0109648 9808.6867736 0.0178318 0.0001644
0.0112202 9894.7921603 0.0181947 0.0001665
0.0114815 9982.2497230 0.0185630 0.0001687
0.0117490 10079.6702864 0.0189362 0.0001709
0.0120226 10153.1359741 0.0193148 0.0001731
0.0123027 10212.0958073 0.0196998 0.0001754
0.0125893 10268.3598707 0.0200916 0.0001776
0.0128825 10336.1984845 0.0204902 0.0001799
0.0131826 10408.9251479 0.0208951 0.0001822
0.0134896 10480.1909272 0.0213067 0.0001846
0.0138038 10553.0291594 0.0217249 0.0001870
0.0141254 10627.4741734 0.0221500 0.0001894
0.0144544 10703.5622053 0.0225819 0.0001918
0.0147911 10781.3237695 0.0230207 0.0001943
0.0151356 10860.7960558 0.0234664 0.0001967
0.0154882 10942.0172072 0.0239192 0.0001992
0.0158489 11025.0272741 0.0243790 0.0002017
0.0162181 11110.0493943 0.0248460 0.0002043
0.0165959 11197.6719262 0.0253202 0.0002068
0.0169824 11284.9425873 0.0258016 0.0002094
0.0173780 11372.7720461 0.0262905 0.0002120
0.0177828 11462.2922017 0.0267868 0.0002146
0.0181970 11554.8733481 0.0272907 0.0002172
0.0186209 11652.1813892 0.0278021 0.0002199
0.0190546 11751.5844448 0.0283210 0.0002226
0.0194984 11852.5799786 0.0288475 0.0002253
0.0199526 11955.7811422 0.0293817 0.0002280
0.0204174 12061.2308468 0.0299235 0.0002307
0.0208930 12168.9710498 0.0304731 0.0002334
0.0213796 12279.0494303 0.0310304 0.0002362
0.0218776 12391.5079457 0.0315956 0.0002389
0.0223872 12506.4047644 0.0321687 0.0002417
0.0229087 12623.7980548 0.0327497 0.0002445
0.0234423 12743.7507531 0.0333387 0.0002473
0.0239883 12864.9869697 0.0339355 0.0002501
0.0245471 12985.1656664 0.0345409 0.0002529
0.0251189 13130.6580900 0.0351540 0.0002557
0.0257040 13297.3333331 0.0357739 0.0002585
0.0263027 13479.7960419 0.0364001 0.0002613
0.0269153 13670.9697012 0.0370319 0.0002640
0.0275423 13861.6827816 0.0376694 0.0002668
0.0281838 14040.2911212 0.0383132 0.0002695
0.0288403 14238.5441563 0.0389631 0.0002722
0.0295121 14434.8680996 0.0396192 0.0002748
0.0301995 14634.4771250 0.0402813 0.0002775
0.0309030 14837.3683718 0.0409496 0.0002801
0.0316228 15043.5513757 0.0416241 0.0002827
0.0323594 15253.0566514 0.0423049 0.0002853
0.0331131 15465.7936086 0.0429919 0.0002879
0.0338844 15681.8633269 0.0436853 0.0002905
0.0346737 15901.2286167 0.0443850 0.0002930
0.0354813 16123.8522883 0.0450912 0.0002955
0.0363078 16349.7152702 0.0458038 0.0002980
0.0371535 16578.9405741 0.0465229 0.0003005
0.0380189 16811.0361529 0.0472486 0.0003029
0.0389045 17046.4692608 0.0479810 0.0003054
0.0398107 17285.1197465 0.0487201 0.0003078
0.0407380 17526.8693663 0.0494659 0.0003102
0.0416869 17771.6208550 0.0502187 0.0003126
0.0426580 18019.2864832 0.0509783 0.0003150
0.0436516 18269.8033148 0.0517450 0.0003173
0.0446684 18523.1579996 0.0525188 0.0003197
0.0457088 18779.3791450 0.0532997 0.0003220
0.0467735 19038.4190720 0.0540880 0.0003243
0.0478630 19299.7170757 0.0548837 0.0003266
0.0489779 19563.6450523 0.0556870 0.0003289
0.0501187 19830.0027500 0.0564979 0.0003312
0.0512861 20098.5937313 0.0573165 0.0003334
0.0524807 20369.2635164 0.0581431 0.0003357
0.0537032 20641.8786041 0.0589777 0.0003379
0.0549541 20916.3493579 0.0598205 0.0003402
0.0562341 21192.6681491 0.0606716 0.0003424
0.0575440 21470.2971589 0.0615313 0.0003446
0.0588844 21749.2745304 0.0623997 0.0003468
0.0602560 22029.5583061 0.0632769 0.0003490
0.0616595 22310.8490619 0.0641632 0.0003512
0.0630957 22592.8626312 0.0650588 0.0003534
0.0645654 22875.3396402 0.0659638 0.0003556
0.0660693 23158.0836515 0.0668786 0.0003577
0.0676083 23440.9497210 0.0678033 0.0003599
0.0691831 23723.8749125 0.0687381 0.0003621
0.0707946 24006.2146060 0.0696835 0.0003643
0.0724436 24287.9077725 0.0706395 0.0003664
0.0741310 24568.7694175 0.0716066 0.0003686
0.0758578 24848.4314592 0.0725850 0.0003708
0.0776247 25126.5334445 0.0735749 0.0003730
0.0794328 25402.7816708 0.0745769 0.0003752
0.0812831 25676.9587221 0.0755911 0.0003774
0.0831764 25948.9196541 0.0766179 0.0003796
0.0851138 26218.0522687 0.0776578 0.0003818
0.0870964 26484.1181710 0.0787111 0.0003840
0.0891251 26746.9895812 0.0797782 0.0003862
0.0912011 27006.2145027 0.0808595 0.0003885
0.0933254 27261.3657316 0.0819556 0.0003907
0.0954993 27512.1152367 0.0830668 0.0003930
0.0977237 27758.1769439 0.0841937 0.0003953
0.1000000 27999.3830232 0.0853368 0.0003976
0.1023293 28235.5694590 0.0864965 0.0004000
0.1047129 28465.6911279 0.0876735 0.0004023
0.1071519 28690.0760612 0.0888684 0.0004047
0.1096478 28908.2646336 0.0900816 0.0004071
0.1122018 29119.8525273 0.0913140 0.0004095
0.1148154 29324.5403183 0.0925660 0.0004120
0.1174898 29522.0800757 0.0938385 0.0004145
0.1202264 29712.3726274 0.0951321 0.0004171
0.1230269 29894.8114967 0.0964476 0.0004196
0.1258925 30069.3089542 0.0977856 0.0004223
0.1288250 30235.7868063 0.0991471 0.0004249
0.1318257 30393.8731570 0.1005329 0.0004276
0.1348963 30543.2666752 0.1019437 0.0004304
0.1380384 30683.7709233 0.1033806 0.0004332
0.1412538 30815.2657504 0.1048445 0.0004361
0.1445440 30937.7873924 0.1063363 0.0004390
0.1479108 31051.0879187 0.1078570 0.0004420
0.1513561 31154.7878045 0.1094078 0.0004451
0.1548817 31249.1464235 0.1109896 0.0004482
0.1584893 31333.9558954 0.1126036 0.0004514
0.1621810 31409.0941619 0.1142511 0.0004547
0.1659587 31474.5383371 0.1159331 0.0004581
0.1698244 31530.3685217 0.1176510 0.0004616
0.1737801 31576.7792459 0.1194060 0.0004651
0.1778279 31613.1754761 0.1211996 0.0004688
0.1819701 31640.2151823 0.1230332 0.0004725
0.1862087 31657.8258923 0.1249081 0.0004764
0.1905461 31665.9999775 0.1268259 0.0004804
0.1949845 31664.8251673 0.1287882 0.0004845
0.1995262 31654.4540344 0.1307965 0.0004887
0.2041738 31635.1593027 0.1328526 0.0004931
0.2089296 31607.1545739 0.1349582 0.0004976
0.2137962 31570.2796466 0.1371150 0.0005022
0.2187762 31525.0856901 0.1393249 0.0005071
0.2238721 31471.6737836 0.1415898 0.0005120
0.2290868 31410.2232002 0.1439117 0.0005172
0.2344229 31340.9685205 0.1462927 0.0005225
0.2398833 31264.2358688 0.1487348 0.0005280
0.2454709 31180.4123984 0.1512403 0.0005337
0.2511886 31089.2730644 0.1538113 0.0005397
0.2570396 30991.5826379 0.1564502 0.0005458
0.2630268 30887.5127632 0.1591593 0.0005522
0.2691535 30777.2694134 0.1619412 0.0005588
0.2754229 30661.1024266 0.1647984 0.0005656
0.2818383 30539.3322053 0.1677335 0.0005727
0.2884032 30412.3172957 0.1707493 0.0005801
0.2951209 30280.4200580 0.1738485 0.0005877
0.3019952 30143.6099777 0.1770339 0.0005957
0.3090295 30002.4515739 0.1803087 0.0006039
0.3162278 29857.1679842 0.1836757 0.0006125
0.3235937 29707.9651820 0.1871382 0.0006213
0.3311311 29555.1101696 0.1906995 0.0006306
0.3388442 29398.8947422 0.1943628 0.0006402
0.3467369 29237.1790671 0.1981316 0.0006501
0.3548134 29078.3393884 0.2020095 0.0006604
0.3630781 28914.3923368 0.2059999 0.0006712
0.3715352 28746.3258209 0.2101067 0.0006823
0.3801894 28575.2517145 0.2143340 0.0006939
0.3890451 28402.3677139 0.2186860 0.0007059
0.3981072 28228.9935734 0.2231666 0.0007183
0.4073803 28056.5749197 0.2277797 0.0007312
0.4168694 27886.6737164 0.2325292 0.0007446
0.4265795 27721.0064070 0.2374186 0.0007585
0.4365158 27561.4153075 0.2424514 0.0007729
0.4466836 27446.3830804 0.2476263 0.0007878
0.4570882 27313.7477720 0.2529464 0.0008031
0.4677351 27177.8073564 0.2584172 0.0008188
0.4786301 27038.6724487 0.2640439 0.0008351
0.4897788 26896.4956218 0.2698317 0.0008519
0.5011872 26751.4237269 0.2757860 0.0008692
0.5128614 26603.6551085 0.2819125 0.0008871
0.5248075 26453.3690398 0.2882169 0.0009056
0.5370318 26300.6704144 0.2947052 0.0009246
0.5495409 26145.5802111 0.3013836 0.0009443
0.5623413 25988.3082174 0.3082585 0.0009646
0.5754399 25828.9288126 0.3153365 0.0009855
0.5888437 25667.5583334 0.3226245 0.0010071
0.6025596 25505.0550014 0.3301297 0.0010294
0.6165950 25338.9547668 0.3378592 0.0010524
0.6309573 25172.7629886 0.3458207 0.0010762
0.6456542 25004.3722556 0.3540219 0.0011007
0.6606934 24831.4863478 0.3624716 0.0011261
0.6760830 24649.2896878 0.3711798 0.0011522
0.6918310 24462.2068854 0.3801584 0.0011793
0.7079458 24274.4775559 0.3894167 0.0012073
0.7244360 24086.1074209 0.3989645 0.0012362
0.7413102 23897.0755015 0.4088114 0.0012661
0.7585776 23707.5801425 0.4189679 0.0012970
0.7762471 23517.4935640 0.4294445 0.0013289
0.7943282 23326.8539093 0.4402522 0.0013620
0.8128305 23135.6668998 0.4514026 0.0013961
0.8317638 22944.0240792 0.4629074 0.0014314
0.8511380 22751.8911187 0.4747792 0.0014679
0.8709636 22559.2909041 0.4870306 0.0015056
0.8912509 22366.2444142 0.4996751 0.0015445
0.9120108 22172.7630919 0.5127263 0.0015848
0.9332543 21978.8641018 0.5261987 0.0016264
0.9549926 21784.5550723 0.5401073 0.0016694
0.9772372 21589.8512609 0.5544675 0.0017139
1.0000000 21394.7278744 0.5692953 0.0017598
1.0232930 21199.2878994 0.5846080 0.0018073
1.0471285 21003.4893785 0.6004223 0.0018563
1.0715193 20807.3494761 0.6167566 0.0019070
1.0964782 20610.8967994 0.6336302 0.0019594
1.1220185 20414.1466060 0.6510619 0.0020136
1.1481536 20217.1141529 0.6690729 0.0020696
1.1748976 20019.8146975 0.6876839 0.0021276
1.2022644 19823.4020713 0.7069170 0.0021874
1.2302688 19622.0155733 0.7267952 0.0022492
1.2589254 19412.1937092 0.7473515 0.0023133
1.2882496 19198.9332367 0.7686175 0.0023797
1.3182567 18987.1889559 0.7906211 0.0024485
1.3489629 18776.6442784 0.8133889 0.0025198
1.3803843 18567.2305464 0.8369493 0.0025937
1.4125375 18358.9382242 0.8613311 0.0026702
1.4454398 18151.6929325 0.8865648 0.0027495
1.4791084 17945.4775069 0.9126818 0.0028316
1.5135612 17740.2538041 0.9397157 0.0029167
1.5488166 17535.9817739 0.9676999 0.0030048
1.5848932 17332.6804879 0.9966711 0.0030961
1.6218101 17130.3251529 1.0266660 0.0031906
1.6595869 16928.8871616 1.0577233 0.0032885
1.6982437 16728.3131135 1.0898838 0.0033899
1.7378008 16528.6640377 1.1231894 0.0034949
1.7782794 16329.8903481 1.1576841 0.0036037
1.8197009 16131.9958590 1.1934136 0.0037163
1.8620871 15934.9853382 1.2304258 0.0038330
1.9054607 15738.8635538 1.2687699 0.0039539
1.9498446 15543.6295521 1.3084981 0.0040791
1.9952623 15349.2823794 1.3496647 0.0042089
2.0417379 15155.8229895 1.3923257 0.0043433
2.0892961 14963.2933398 1.4365395 0.0044826
2.1379621 14771.6886624 1.4823680 0.0046269
2.1877616 14581.0280290 1.5298745 0.0047765
2.2387211 14391.3228823 1.5791259 0.0049315
2.2908677 14202.5894335 1.6301916 0.0050921
2.3442288 14014.8438931 1.6831441 0.0052587
2.3988329 13828.1205903 1.7380591 0.0054314
2.4547089 13642.4242927 1.7950144 0.0056104
2.5118864 13457.7769329 1.8540933 0.0057961
2.5703958 13274.2080717 1.9153810 0.0059886
2.6302680 13091.7377343 1.9789669 0.0061883
2.6915348 12910.3935745 2.0449443 0.0063954
2.7542287 12730.1984783 2.1134108 0.0066102
2.8183829 12551.1705637 2.1844679 0.0068331
2.8840315 12373.3393916 2.2582208 0.0070644
2.9512092 12196.7307086 2.3347802 0.0073043
3.0199517 12021.3664472 2.4142617 0.0075533
3.0902954 11847.2723539 2.4967856 0.0078118
3.1622777 11674.4722684 2.5824770 0.0080800
3.2359366 11502.9833549 2.6714677 0.0083585
3.3113112 11332.8304065 2.7638932 0.0086475
3.3884416 11164.0591952 2.8598959 0.0089476
3.4673685 10996.6639994 2.9596258 0.0092592
3.5481339 10830.6753336 3.0632372 0.0095828
3.6307805 10666.1113159 3.1708927 0.0099188
3.7153523 10502.9967394 3.2827614 0.0102679
3.8018940 10341.3506756 3.3990192 0.0106305
3.8904514 10181.1950569 3.5198504 0.0110072
3.9810717 10022.5451406 3.6454471 0.0113986
4.0738028 9865.4171375 3.7760104 0.0118054
4.1686938 9709.8272584 3.9117491 0.0122281
4.2657952 9555.7907607 4.0528824 0.0126675
4.3651583 9403.3095514 4.1996380 0.0131242
4.4668359 9252.4179596 4.3522538 0.0135990
4.5708819 9103.1188458 4.5109786 0.0140927
4.6773514 8955.4255603 4.6760726 0.0146059
4.7863009 8809.3466852 4.8478063 0.0151395
4.8977882 8664.8936635 5.0264600 0.0156944
5.0118723 8522.0693560 5.2123331 0.0162715
5.1286138 8380.8842519 5.4057321 0.0168716
5.2480746 8241.3478872 5.6069756 0.0174957
5.3703180 8103.4621690 5.8164040 0.0181448
5.4954087 7967.2294811 6.0343653 0.0188200
5.6234133 7832.6560220 6.2612277 0.0195224
5.7543994 7699.7446523 6.4973724 0.0202532
5.8884366 7568.4944184 6.7431972 0.0210134
6.0255959 7438.9091347 6.9991221 0.0218045
6.1659500 7310.9888011 7.2655786 0.0226276
6.3095734 7184.7305570 7.5430249 0.0234843
6.4565423 7060.1339255 7.8319329 0.0243758
6.6069345 6937.1955692 8.1327981 0.0253037
6.7608298 6815.9126272 8.4461397 0.0262695
6.9183097 6696.2817620 8.7724955 0.0272749
7.0794578 6578.2958218 9.1124318 0.0283216
7.2443596 6461.9528995 9.4665362 0.0294112
7.4131024 6347.2439360 9.8354283 0.0305456
7.5857758 6234.1627330 10.2197453 0.0317268
7.7624712 6122.7026156 10.6201621 0.0329567
7.9432823 6012.8559550 11.0373759 0.0342375
8.1283052 5904.6122618 11.4721247 0.0355712
8.3176377 5797.9648612 11.9251647 0.0369602
8.5113804 5692.9042171 12.3973016 0.0384069
8.7096359 5589.4179332 12.8893679 0.0399137
8.9125094 5487.4945663 13.4022294 0.0414832
9.1201084 5387.1264880 13.9368063 0.0431181
9.3325430 5288.2998713 14.4940380 0.0448213
9.5499259 5191.0023196 15.0749226 0.0465958
9.7723722 5095.3125033 15.6804892 0.0484445
10.0000000 5000.6959410 16.3118382 0.0503708
10.2329299 4906.9199592 16.9701757 0.0523787
10.4712855 4814.2615728 17.6567805 0.0544726
10.7151931 4723.0998297 18.3729133 0.0566561
10.9647820 4633.4056458 19.1198957 0.0589330
11.2201845 4545.1680549 19.8990988 0.0613074
11.4815362 4458.3794284 20.7119454 0.0637835
11.7489755 4373.0245090 21.5599459 0.0663657
12.0226443 4289.0932840 22.4446528 0.0690588
12.3026877 4206.5709731 23.3677099 0.0718679
12.5892541 4125.4385046 24.3308204 0.0747982
12.8824955 4045.6877731 25.3357711 0.0778554
13.1825674 3967.3099580 26.3844177 0.0810449
13.4896288 3890.2969538 27.4787151 0.0843727
13.8038426 3814.6416087 28.6206904 0.0878446
14.1253754 3740.3331950 29.8124625 0.0914666
14.4543977 3667.3609848 31.0562456 0.0952449
14.7910839 3595.7123433 32.3543415 0.0991862
15.1356125 3525.3710595 33.7091628 0.1032974
15.4881662 3456.3228298 35.1232153 0.1075862
15.8489319 3388.5516818 36.5991349 0.1120606
16.2181010 3322.0447420 38.1396485 0.1167291
16.5958691 3256.7989114 39.7476246 0.1216001
16.9824365 3192.7824834 41.4260268 0.1266826
17.3780083 3129.9983188 43.1779675 0.1319853
17.7827941 3068.4268692 45.0066926 0.1375170
18.1970086 3008.0493014 46.9155587 0.1432871
18.6208714 2948.8467821 48.9080901 0.1493053
19.0546072 2890.7995247 50.9879943 0.1555821
19.4984460 2833.8832129 53.1590854 0.1621282
19.9526231 2778.0866419 55.4253685 0.1689555
20.4173794 2723.4050441 57.7910049 0.1760758
20.8929613 2669.8365122 60.2603314 0.1835016
21.3796209 2617.3779470 62.8378601 0.1912452
21.8776162 2566.0255343 65.5282484 0.1993197
22.3872114 2515.7435148 68.3363517 0.2077384
22.9086765 2466.5006589 71.2672658 0.2165151
23.4422882 2418.2709813 74.3263002 0.2256646
23.9883292 2371.0332650 77.5189932 0.2352023
24.5470892 2324.7667697 80.8511041 0.2451441
25.1188643 2279.5053474 84.3286062 0.2555062
25.7039578 2235.2530508 87.9576862 0.2663051
26.3026799 2192.0055888 91.7446680 0.2775573
26.9153480 2149.7477041 95.6961884 0.2892799
27.5422870 2108.4510278 99.8190978 0.3014903
28.1838293 2068.0759863 104.1205288 0.3142069
28.8403150 2028.5970713 108.6079496 0.3274486
29.5120923 1990.0036743 113.2891110 0.3412356
30.1995172 1952.3035430 118.1720302 0.3555882
30.9029543 1915.4205104 123.2649996 0.3705277
31.6227766 1879.2475370 128.5769215 0.3860784
32.3593657 1843.7771135 134.1172094 0.4022659
33.1131121 1809.0024456 139.8955364 0.4191153
33.8844156 1774.9150703 145.9220482 0.4366513
34.6736850 1741.5053325 152.2073180 0.4548999
35.4813389 1708.7598822 158.7623612 0.4738897
36.3078055 1676.6658461 165.5984985 0.4936531
37.1535229 1645.2103507 172.7277371 0.5142256
38.0189396 1614.3650272 180.1624810 0.5356425
38.9045145 1584.1105655 187.9156985 0.5579379
39.8107171 1554.4320659 196.0010294 0.5811447
40.7380278 1525.3258333 204.4326321 0.6052969
41.6869383 1496.7937750 213.2251380 0.6304332
42.6579519 1468.8342220 222.3938346 0.6565977
43.6515832 1441.4343012 231.9546349 0.6838373
44.6683592 1414.5813775 241.9239097 0.7121971
45.7088190 1388.2618624 252.3190060 0.7417197
46.7735141 1362.4634787 263.1576982 0.7724461
47.8630092 1337.1844383 274.4587676 0.8044207
48.9778819 1312.4197349 286.2414076 0.8376926
50.1187234 1288.1499394 298.5258792 0.8723152
51.2861384 1264.3491860 311.3332066 0.9083445
52.4807460 1241.0149714 324.6855429 0.9458399
53.7031796 1218.0828098 338.6058956 0.9848617
54.9540874 1195.6492513 353.1182180 1.0254714
56.2341325 1173.6924826 368.2467689 1.0677294
57.5439937 1152.1906906 384.0169966 1.1116978
58.8843655 1131.1219430 400.4553569 1.1574449
60.2559586 1110.4651418 417.5897088 1.2050462
61.6595002 1090.1991891 435.4492543 1.2545796
63.0957344 1070.3031061 454.0643851 1.3061177
64.5654229 1050.8438819 473.4668662 1.3597276
66.0693448 1031.7774133 493.6884017 1.4154812
67.6082975 1013.0945221 514.7629534 1.4734658
69.1830971 994.7888909 536.7256428 1.5337824
70.7945784 976.8536062 559.6129647 1.5965347
72.4435960 959.2818737 583.4629393 1.6618230
74.1310241 942.0673165 608.3150516 1.7297436
75.8577575 925.2029614 634.2100072 1.8003899
77.6247117 908.6820738 661.1905865 1.8738529
79.4328235 892.4946411 689.3010348 1.9502295
81.2830516 876.6361338 718.5871839 2.0296309
83.1763771 861.1026780 749.0969407 2.1121777
85.1138038 845.8902806 780.8796156 2.1979906
87.0963590 830.9900017 813.9866551 2.2871874
89.1250938 816.3920076 848.4714585 2.3798998
91.2010839 802.0622078 884.3902934 2.4762879
93.3254301 788.0143695 921.8016856 2.5765267
95.4992586 774.2628562 960.7658084 2.6807677
97.7237221 760.8211371 1001.3439949 2.7891334
100.0000000 747.6710941 1043.5991646 2.9017389
102.3292992 734.7935962 1087.5974107 3.0187047
104.7128548 722.1585459 1133.4090373 3.1401763
107.1519305 709.7697576 1181.1070336 3.2663461
109.6478196 697.6310455 1230.7668300 3.3974395
112.2018454 685.7458069 1282.4656876 3.5336623
114.8153621 674.1397883 1336.2829428 3.6751870
117.4897555 662.7681715 1392.2993962 3.8221940
120.2264435 651.6105141 1450.6036602 3.9749024
123.0268771 640.6719417 1511.2861782 4.1335386
125.8925412 629.9575202 1574.4403226 4.2982985
128.8249552 619.4736861 1640.1620292 4.4693558
131.8256739 609.2313461 1708.5486983 4.6468955
134.8962883 599.2123821 1779.7021243 4.8311359
138.0384265 589.3984378 1853.7270311 5.0223541
141.2537545 579.7713355 1930.7359537 5.2208882
144.5439771 570.3303600 2010.8453335 5.4270398
147.9108388 561.0924374 2094.1740524 5.6410257
151.3561248 552.0665075 2180.8428235 5.8630476
154.8816619 543.2436900 2270.9755334 6.0933646
158.4893192 534.6149857 2364.7008285 6.3322708
162.1810097 526.1443968 2462.1551672 6.5800884
165.9586907 517.8464058 2563.4808662 6.8371498
169.8243652 509.7238138 2668.8243923 7.1037844
173.7800829 501.7772766 2778.3344094 7.3803181
177.8279410 494.0031286 2892.1629985 7.6670951
181.9700859 486.3924302 3010.4712734 7.9644707
186.2087137 478.9462839 3133.4235206 8.2728029
190.5460718 471.6597727 3261.1898859 8.5924483
194.9844600 464.5258642 3393.9456412 8.9237385
199.5262315 457.5452435 3531.8736256 9.2670068
204.1737945 450.7362076 3675.1578992 9.6226684
208.9296131 444.0817113 3823.9839864 9.9912208
213.7962090 437.5645304 3978.5520586 10.3730994
218.7761624 431.1729538 4139.0718072 10.7686490
223.8721139 424.9177391 4305.7553650 11.1782189
229.0867653 418.8032072 4478.8234084 11.6022470
234.4228815 412.8242923 4658.4980789 12.0412977
239.8832919 406.9756900 4845.0093291 12.4960486
245.4708916 401.2554335 5038.5963880 12.9670653
251.1886432 395.6624799 5239.5067846 13.4546945
257.0395783 390.1937599 5447.9890241 13.9593097
263.0267992 384.8466213 5664.3052819 14.4814366
269.1534804 379.6186504 5888.7216392 15.0217036
275.4228703 374.5077910 6121.5144302 15.5807353
281.8382931 369.5119869 6362.9638944 16.1590354
288.4031503 364.6288244 6613.3629653 16.7569537
295.1209227 359.8561282 6873.0089706 17.3749800
301.9951720 355.1918719 7142.2094903 18.0139264
309.0295433 350.6339099 7421.2804044 18.6746957
316.2277660 346.1801860 7710.5434515 19.3580349
323.5936569 341.8286145 8010.3330642 20.0645113
331.1311215 337.5774667 8320.9909980 20.7944977
338.8441561 333.4248059 8642.8643793 21.5485256
346.7368505 329.3686354 8976.3135162 22.3275990
354.8133892 325.4076143 9321.7084814 23.1327544
363.0780548 321.5390011 9679.4261826 23.9645638
371.5352291 317.7614249 10049.8542686 24.8234267
380.1893963 314.0734554 10433.3881996 25.7100526
389.0451450 310.4733344 10830.4371060 26.6253426
398.1071706 306.9593634 11241.4130476 27.5701489
407.3802778 303.5293670 11666.7466367 28.5452963
416.8693835 300.1826002 12106.8733677 29.5516361
426.5795188 296.9170665 12562.2404525 30.5900654
436.5158322 293.7312759 13033.2999851 31.6614818
446.6835922 290.6238874 13520.5235885 32.7668272
457.0881896 287.5932025 14024.3906971 33.9070389
467.7351413 284.6378206 14545.3846512 35.0830927
478.6300923 281.7565199 15084.0073436 36.2959741
489.7788194 278.9476913 15640.7704315 37.5466560
