#E[MeV/u] dE/dx[MeVcm2/mg] range[mg/cm2] rangestragg.[mg/cm2]
0.0010000 882.5417805 0.0000000 0.0000000
0.0010233 883.6930710 0.0002638 0.0000516
0.0010471 884.8812480 0.0005333 0.0000738
0.0010715 886.1078014 0.0008088 0.0000913
0.0010965 887.3735654 0.0010902 0.0001066
0.0011220 888.6802086 0.0013778 0.0001204
0.0011482 890.0289823 0.0016717 0.0001333
0.0011749 891.4212571 0.0019719 0.0001456
0.0012023 892.8582845 0.0022787 0.0001573
0.0012303 894.3419118 0.0025921 0.0001686
0.0012589 895.8732711 0.0029122 0.0001797
0.0012882 897.4540906 0.0032393 0.0001905
0.0013183 899.0858005 0.0035733 0.0002011
0.0013490 900.7698906 0.0039145 0.0002116
0.0013804 902.5085060 0.0042630 0.0002221
0.0014125 904.3028387 0.0046189 0.0002324
0.0014454 906.1547954 0.0049824 0.0002427
0.0014791 908.0661640 0.0053536 0.0002529
0.0015136 910.0384938 0.0057326 0.0002631
0.0015488 912.0738109 0.0061195 0.0002733
0.0015849 914.1737837 0.0065146 0.0002836
0.0016218 916.3403193 0.0069180 0.0002938
0.0016596 918.5752649 0.0073297 0.0003041
0.0016982 920.8804082 0.0077501 0.0003144
0.0017378 923.2575369 0.0081791 0.0003248
0.0017783 925.7086772 0.0086169 0.0003352
0.0018197 928.2353188 0.0090638 0.0003457
0.0018621 930.8397261 0.0095198 0.0003562
0.0019055 933.5233293 0.0099850 0.0003668
0.0019498 936.2878566 0.0104598 0.0003775
0.0019953 939.1350360 0.0109441 0.0003883
0.0020417 942.0575976 0.0114382 0.0003992
0.0020893 945.0784240 0.0119423 0.0004101
0.0021380 948.1842863 0.0124564 0.0004212
0.0021878 951.3778659 0.0129807 0.0004323
0.0022387 954.6606526 0.0135154 0.0004435
0.0022909 958.0352685 0.0140607 0.0004549
0.0023442 961.5032628 0.0146167 0.0004663
0.0023988 965.0670193 0.0151835 0.0004779
0.0024547 968.7283255 0.0157614 0.0004896
0.0025119 972.4892673 0.0163505 0.0005013
0.0025704 976.3515130 0.0169509 0.0005132
0.0026303 980.3167910 0.0175629 0.0005252
0.0026915 984.3866504 0.0181866 0.0005373
0.0027542 988.5626407 0.0188221 0.0005496
0.0028184 992.8458941 0.0194697 0.0005619
0.0028840 997.2373640 0.0201295 0.0005744
0.0029512 1001.7380635 0.0208016 0.0005870
0.0030200 1006.3482309 0.0214862 0.0005997
0.0030903 1011.0552927 0.0221836 0.0006125
0.0031623 1015.9099008 0.0228939 0.0006255
0.0032359 1020.8777310 0.0236171 0.0006386
0.0033113 1025.9606903 0.0243536 0.0006518
0.0033884 1031.1610430 0.0251035 0.0006651
0.0034674 1036.4808154 0.0258670 0.0006786
0.0035481 1041.9222717 0.0266442 0.0006921
0.0036308 1047.4876765 0.0274353 0.0007058
0.0037154 1053.1784599 0.0282405 0.0007197
0.0038019 1058.9972440 0.0290599 0.0007336
0.0038905 1064.9456972 0.0298938 0.0007477
0.0039811 1071.0257264 0.0307423 0.0007619
0.0040738 1077.2394770 0.0316057 0.0007762
0.0041687 1083.5881407 0.0324839 0.0007906
0.0042658 1090.0737436 0.0333774 0.0008052
0.0043652 1096.6973583 0.0342861 0.0008199
0.0044668 1103.4610110 0.0352104 0.0008347
0.0045709 1110.3655358 0.0361504 0.0008496
0.0046774 1117.4118863 0.0371062 0.0008647
0.0047863 1124.6012542 0.0380781 0.0008799
0.0048978 1131.9343547 0.0390663 0.0008952
0.0050119 1139.4113069 0.0400708 0.0009106
0.0051286 1147.0325875 0.0410920 0.0009261
0.0052481 1154.7978390 0.0421299 0.0009417
0.0053703 1162.7390020 0.0431849 0.0009575
0.0054954 1170.8190110 0.0442570 0.0009733
0.0056234 1179.0543132 0.0453464 0.0009893
0.0057544 1187.4461003 0.0464534 0.0010054
0.0058884 1195.9963985 0.0475782 0.0010216
0.0060256 1204.7056843 0.0487208 0.0010379
0.0061660 1213.5763415 0.0498816 0.0010543
0.0063096 1222.6088468 0.0510607 0.0010709
0.0064565 1231.8052262 0.0522583 0.0010875
0.0066069 1241.1666717 0.0534746 0.0011042
0.0067608 1250.6950899 0.0547098 0.0011211
0.0069183 1260.3925072 0.0559640 0.0011380
0.0070795 1270.2609494 0.0572376 0.0011550
0.0072444 1280.3032771 0.0585307 0.0011722
0.0074131 1290.5217545 0.0598434 0.0011894
0.0075858 1300.9105420 0.0611761 0.0012068
0.0077625 1311.4765518 0.0625288 0.0012242
0.0079433 1322.2239555 0.0639019 0.0012417
0.0081283 1333.1529913 0.0652955 0.0012593
0.0083176 1344.2643744 0.0667097 0.0012770
0.0085114 1355.5595349 0.0681450 0.0012948
0.0087096 1367.0396646 0.0696014 0.0013127
0.0089125 1378.7063129 0.0710791 0.0013307
0.0091201 1390.5616251 0.0725784 0.0013487
0.0093325 1402.6086998 0.0740995 0.0013669
0.0095499 1414.8513509 0.0756426 0.0013851
0.0097724 1427.2544198 0.0772080 0.0014034
0.0100000 1439.9572296 0.0787958 0.0014218
0.0102329 1452.7892317 0.0804062 0.0014403
0.0104713 1465.7790298 0.0820396 0.0014588
0.0107152 1478.9636891 0.0836962 0.0014774
0.0109648 1492.3894520 0.0853761 0.0014961
0.0112202 1506.1129296 0.0870797 0.0015149
0.0114815 1520.2030086 0.0888069 0.0015338
0.0117490 1534.7427582 0.0905578 0.0015528
0.0120226 1551.3503018 0.0923318 0.0015717
0.0123027 1568.5461238 0.0941270 0.0015906
0.0125893 1586.1156981 0.0959438 0.0016094
0.0128825 1604.0649837 0.0977822 0.0016283
0.0131826 1622.4016083 0.0996423 0.0016471
0.0134896 1641.1421379 0.1015241 0.0016658
0.0138038 1660.2865727 0.1034276 0.0016845
0.0141254 1679.8489759 0.1053529 0.0017031
0.0144544 1699.8376903 0.1073000 0.0017217
0.0147911 1720.2661834 0.1092689 0.0017403
0.0151356 1741.1364812 0.1112596 0.0017587
0.0154882 1762.4655075 0.1132721 0.0017772
0.0158489 1784.2618432 0.1153065 0.0017955
0.0162181 1806.5368107 0.1173627 0.0018138
0.0165959 1829.3022089 0.1194408 0.0018319
0.0169824 1851.6360519 0.1215414 0.0018501
0.0173780 1875.4388033 0.1236642 0.0018681
0.0177828 1899.7659520 0.1258086 0.0018861
0.0181970 1924.6297737 0.1279748 0.0019039
0.0186209 1950.0463578 0.1301627 0.0019217
0.0190546 1976.0265498 0.1323723 0.0019393
0.0194984 2002.5834597 0.1346034 0.0019569
0.0199526 2029.7350838 0.1368561 0.0019743
0.0204174 2057.4928636 0.1391303 0.0019917
0.0208930 2085.8699089 0.1414260 0.0020089
0.0213796 2114.8812365 0.1437431 0.0020260
0.0218776 2144.5454388 0.1460814 0.0020429
0.0223872 2175.1478356 0.1484409 0.0020598
0.0229087 2205.4966148 0.1508218 0.0020765
0.0234423 2237.6958013 0.1532239 0.0020931
0.0239883 2270.7030365 0.1556462 0.0021095
0.0245471 2303.1715726 0.1580893 0.0021258
0.0251189 2333.4030774 0.1605554 0.0021419
0.0257040 2359.2472837 0.1630485 0.0021581
0.0263027 2383.9201771 0.1655730 0.0021743
0.0269153 2409.0316573 0.1681296 0.0021906
0.0275423 2434.5869683 0.1707183 0.0022070
0.0281838 2460.5944529 0.1733395 0.0022233
0.0288403 2487.0715114 0.1759932 0.0022398
0.0295121 2513.9995515 0.1786797 0.0022563
0.0301995 2541.3940669 0.1813993 0.0022728
0.0309030 2569.2531507 0.1841522 0.0022894
0.0316228 2597.5925347 0.1869385 0.0023059
0.0323594 2626.4064983 0.1897585 0.0023226
0.0331131 2655.7057678 0.1926125 0.0023392
0.0338844 2685.4893896 0.1955007 0.0023559
0.0346737 2715.7592708 0.1984232 0.0023726
0.0354813 2746.5180333 0.2013804 0.0023893
0.0363078 2777.7709211 0.2043725 0.0024061
0.0371535 2809.5262769 0.2073998 0.0024228
0.0380189 2841.7681303 0.2104626 0.0024396
0.0389045 2874.5169806 0.2135610 0.0024564
0.0398107 2907.7692524 0.2166954 0.0024732
0.0407380 2941.5216084 0.2198661 0.0024899
0.0416869 2975.7740488 0.2230734 0.0025067
0.0426580 3010.5289572 0.2263175 0.0025235
0.0436516 3045.7915775 0.2295988 0.0025403
0.0446684 3081.5457011 0.2329176 0.0025571
0.0457088 3117.8008625 0.2362743 0.0025739
0.0467735 3154.5644509 0.2396692 0.0025907
0.0478630 3191.8274086 0.2431026 0.0026074
0.0489779 3229.5792476 0.2465750 0.0026242
0.0501187 3267.8123403 0.2500867 0.0026410
0.0512861 3306.5240647 0.2536381 0.0026577
0.0524807 3345.7129907 0.2572297 0.0026745
0.0537032 3385.3853156 0.2608619 0.0026912
0.0549541 3425.5310283 0.2645352 0.0027080
0.0562341 3466.1100839 0.2682500 0.0027247
0.0575440 3507.1508474 0.2720068 0.0027414
0.0588844 3548.6359185 0.2758061 0.0027581
0.0602560 3590.5464665 0.2796486 0.0027748
0.0616595 3632.8684281 0.2835346 0.0027915
0.0630957 3675.5906001 0.2874649 0.0028082
0.0645654 3718.7067852 0.2914401 0.0028249
0.0660693 3762.2253260 0.2954608 0.0028415
0.0676083 3806.0523079 0.2995277 0.0028582
0.0691831 3850.2456527 0.3036413 0.0028749
0.0707946 3894.7727049 0.3078027 0.0028915
0.0724436 3939.6029541 0.3120124 0.0029082
0.0741310 3984.7073201 0.3162712 0.0029249
0.0758578 4030.0624433 0.3205801 0.0029415
0.0776247 4075.6502083 0.3249398 0.0029582
0.0794328 4121.4615572 0.3293513 0.0029749
0.0812831 4167.4793279 0.3338157 0.0029916
0.0831764 4213.6205704 0.3383337 0.0030084
0.0851138 4259.9043536 0.3429066 0.0030251
0.0870964 4306.2868189 0.3475353 0.0030419
0.0891251 4352.7245842 0.3522211 0.0030588
0.0912011 4399.1866625 0.3569651 0.0030756
0.0933254 4445.6420666 0.3617686 0.0030925
0.0954993 4492.0750647 0.3666330 0.0031095
0.0977237 4538.4074738 0.3715595 0.0031264
0.1000000 4584.6187948 0.3765496 0.0031435
0.1023293 4630.6847148 0.3816048 0.0031606
0.1047129 4676.5480267 0.3867267 0.0031778
0.1071519 4722.1567675 0.3919169 0.0031951
0.1096478 4767.4642183 0.3971771 0.0032124
0.1122018 4812.4331944 0.4025090 0.0032299
0.1148154 4857.0412899 0.4079146 0.0032474
0.1174898 4901.1783812 0.4133958 0.0032651
0.1202264 4944.8454218 0.4189547 0.0032828
0.1230269 4987.9914022 0.4245932 0.0033007
0.1258925 5030.5505343 0.4303139 0.0033187
0.1288250 5072.4651345 0.4361188 0.0033369
0.1318257 5113.6865768 0.4420104 0.0033552
0.1348963 5154.1786301 0.4479913 0.0033737
0.1380384 5193.8588210 0.4540641 0.0033924
0.1412538 5232.6909184 0.4602315 0.0034113
0.1445440 5270.6425051 0.4664965 0.0034303
0.1479108 5307.6415956 0.4728619 0.0034496
0.1513561 5343.6257389 0.4793310 0.0034691
0.1548817 5378.5420186 0.4859070 0.0034889
0.1584893 5412.3518200 0.4925933 0.0035089
0.1621810 5445.0317836 0.4993936 0.0035292
0.1659587 5476.4655885 0.5063111 0.0035498
0.1698244 5506.6637226 0.5133502 0.0035707
0.1737801 5535.5680255 0.5205148 0.0035919
0.1778279 5563.1198601 0.5278089 0.0036135
0.1819701 5589.2715539 0.5352369 0.0036354
0.1862087 5613.9892594 0.5428035 0.0036578
0.1905461 5637.2562913 0.5505132 0.0036805
0.1949845 5659.0030477 0.5583712 0.0037037
0.1995262 5679.2261915 0.5663824 0.0037274
0.2041738 5697.8928288 0.5745521 0.0037515
0.2089296 5714.9595776 0.5828861 0.0037762
0.2137962 5730.3983111 0.5913898 0.0038014
0.2187762 5744.1899603 0.6000696 0.0038272
0.2238721 5756.3373856 0.6089315 0.0038535
0.2290868 5766.8300990 0.6179820 0.0038806
0.2344229 5775.6180445 0.6272278 0.0039082
0.2398833 5782.7317323 0.6366759 0.0039366
0.2454709 5788.1525703 0.6463338 0.0039658
0.2511886 5791.8772214 0.6562086 0.0039957
0.2570396 5793.9137899 0.6663087 0.0040264
0.2630268 5794.2927861 0.6766418 0.0040580
0.2691535 5793.0018153 0.6872162 0.0040905
0.2754229 5790.0532722 0.6980411 0.0041240
0.2818383 5785.4786208 0.7091253 0.0041585
0.2884032 5779.2950231 0.7204782 0.0041940
0.2951209 5771.5329894 0.7321097 0.0042306
0.3019952 5762.2363786 0.7440297 0.0042684
0.3090295 5751.3727733 0.7562488 0.0043075
0.3162278 5739.0580176 0.7687777 0.0043478
0.3235937 5725.2944951 0.7816275 0.0043894
0.3311311 5710.1212973 0.7948100 0.0044324
0.3388442 5693.5846666 0.8083370 0.0044769
0.3467369 5679.5513179 0.8222196 0.0045229
0.3548134 5669.2187840 0.8364528 0.0045704
0.3630781 5657.8817909 0.8510453 0.0046193
0.3715352 5644.6512468 0.8660099 0.0046697
0.3801894 5630.1035120 0.8813609 0.0047216
0.3890451 5613.9420637 0.8971126 0.0047753
0.3981072 5596.3342322 0.9132797 0.0048307
0.4073803 5577.3448522 0.9298776 0.0048879
0.4168694 5557.0268401 0.9469221 0.0049470
0.4265795 5535.4497977 0.9644295 0.0050081
0.4365158 5512.6652114 0.9824168 0.0050713
0.4466836 5488.7326717 1.0009012 0.0051367
0.4570882 5463.7470468 1.0199006 0.0052044
0.4677351 5437.7135808 1.0394336 0.0052744
0.4786301 5410.7257116 1.0595191 0.0053469
0.4897788 5382.8320653 1.0801773 0.0054220
0.5011872 5354.0903256 1.1014280 0.0054997
0.5128614 5324.5634200 1.1232925 0.0055803
0.5248075 5294.2875797 1.1457923 0.0056637
0.5370318 5263.3252557 1.1689497 0.0057501
0.5495409 5231.7207834 1.1927883 0.0058397
0.5623413 5199.5280326 1.2173307 0.0059324
0.5754399 5164.8267558 1.2426064 0.0060286
0.5888437 5129.2797691 1.2686481 0.0061284
0.6025596 5093.3976449 1.2954827 0.0062319
0.6165950 5057.2185211 1.3231377 0.0063393
0.6309573 5020.7767219 1.3516403 0.0064507
0.6456542 4984.0908397 1.3810200 0.0065663
0.6606934 4947.1966286 1.4113072 0.0066861
0.6760830 4910.1136346 1.4425324 0.0068103
0.6918310 4872.8656937 1.4747277 0.0069390
0.7079458 4835.4766423 1.5079261 0.0070725
0.7244360 4797.9522011 1.5421621 0.0072107
0.7413102 4760.3333683 1.5774707 0.0073540
0.7585776 4722.6201441 1.6138892 0.0075025
0.7762471 4684.8230162 1.6514548 0.0076562
0.7943282 4646.9562866 1.6902070 0.0078154
0.8128305 4609.0251990 1.7301870 0.0079803
0.8317638 4571.0421485 1.7714365 0.0081510
0.8511380 4533.0147626 1.8139995 0.0083276
0.8709636 4494.9482852 1.8579207 0.0085105
0.8912509 4456.8460535 1.9032472 0.0086997
0.9120108 4418.7109277 1.9500284 0.0088955
0.9332543 4380.5471985 1.9983140 0.0090980
0.9549926 4342.3562959 2.0481570 0.0093075
0.9772372 4304.1406037 2.0996119 0.0095242
1.0000000 4265.9010752 2.1527350 0.0097483
1.0232930 4227.6634536 2.2075836 0.0099800
1.0471285 4189.2041550 2.2642232 0.0102197
1.0715193 4150.9870326 2.3227146 0.0104674
1.0964782 4112.6974480 2.3831220 0.0107236
1.1220185 4073.9974033 2.4455173 0.0109884
1.1481536 4034.5288782 2.5099809 0.0112622
1.1748976 3993.9102545 2.5766043 0.0115458
1.2022644 3951.7425135 2.6454887 0.0118396
1.2302688 3910.8852889 2.7167296 0.0121438
1.2589254 3870.1839535 2.7903895 0.0124588
1.2882496 3829.7052485 2.8665598 0.0127850
1.3182567 3789.4336804 2.9453305 0.0131225
1.3489629 3749.3482734 3.0267945 0.0134719
1.3803843 3709.4566550 3.1110505 0.0138333
1.4125375 3669.7283149 3.1981997 0.0142073
1.4454398 3630.1556255 3.2883474 0.0145943
1.4791084 3590.7168957 3.3816037 0.0149946
1.5135612 3551.4307178 3.4780846 0.0154087
1.5488166 3512.2689652 3.5779095 0.0158370
1.5848932 3473.2278239 3.6812033 0.0162801
1.6218101 3434.3039569 3.7880959 0.0167385
1.6595869 3395.4914052 3.8987235 0.0172127
1.6982437 3356.7844480 4.0132276 0.0177032
1.7378008 3318.1826087 4.1317551 0.0182106
1.7782794 3279.6808815 4.2544624 0.0187357
1.8197009 3241.2804584 4.3815076 0.0192789
1.8620871 3202.9811010 4.5130599 0.0198411
1.9054607 3164.7837626 4.6492936 0.0204229
1.9498446 3126.6865365 4.7903907 0.0210250
1.9952623 3088.6932364 4.9365426 0.0216482
2.0417379 3050.8131584 5.0879475 0.0222933
2.0892961 3013.0393901 5.2448112 0.0229612
2.1379621 2975.3797974 5.4073519 0.0236527
2.1877616 2937.8391475 5.5757928 0.0243688
2.2387211 2900.4233995 5.7503719 0.0251103
2.2908677 2863.1377974 5.9313318 0.0258784
2.3442288 2825.9878235 6.1189295 0.0266740
2.3988329 2788.9772916 6.3134335 0.0274982
2.4547089 2752.1212186 6.5151202 0.0283522
2.5118864 2715.4181742 6.7242834 0.0292371
2.5703958 2678.8772163 6.9412237 0.0301541
2.6302680 2642.5071642 7.1662588 0.0311046
2.6915348 2606.3149305 7.3997202 0.0320898
2.7542287 2570.3083811 7.6419509 0.0331113
2.8183829 2534.4944285 7.8933125 0.0341705
2.8840315 2498.8835607 8.1541783 0.0352689
2.9512092 2463.4805450 8.4249414 0.0364082
3.0199517 2428.2937239 8.7060095 0.0375900
3.0902954 2393.3304868 8.9978084 0.0388161
3.1622777 2358.5994147 9.3007860 0.0400884
3.2359366 2324.1078968 9.6154032 0.0414088
3.3113112 2289.8621305 9.9421449 0.0427792
3.3884416 2255.8706970 10.2815162 0.0442019
3.4673685 2222.1397935 10.6340457 0.0456788
3.5481339 2188.6760943 11.0002822 0.0472123
3.6307805 2155.4862736 11.3808001 0.0488047
3.7153523 2122.5762903 11.7761987 0.0504585
3.8018940 2089.9523419 12.1871000 0.0521760
3.8904514 2057.6203875 12.6141604 0.0539601
3.9810717 2025.5866244 13.0580554 0.0558132
4.0738028 1993.8531980 13.5194976 0.0577384
4.1686938 1962.4272591 13.9992281 0.0597385
4.2657952 1931.3134558 14.4980158 0.0618166
4.3651583 1900.5157210 15.0166732 0.0639760
4.4668359 1870.0384645 15.5560321 0.0662199
4.5708819 1839.8850233 16.1169755 0.0685520
4.6773514 1810.0593305 16.7004209 0.0709758
4.7863009 1780.5644847 17.3073210 0.0734952
4.8977882 1751.4038230 17.9386627 0.0761142
5.0118723 1722.5736507 18.5955034 0.0788369
5.1286138 1694.0794503 19.2789217 0.0816677
5.2480746 1665.9234862 19.9900454 0.0846111
5.3703180 1638.1074268 20.7300692 0.0876718
5.4954087 1610.6325833 21.5002087 0.0908548
5.6234133 1583.4993131 22.3017690 0.0941650
5.7543994 1556.7084505 23.1360802 0.0976078
5.8884366 1530.2607106 24.0045520 0.1011888
6.0255959 1504.1560934 24.9086479 0.1049137
6.1659500 1478.3949564 25.8498901 0.1087885
6.3095734 1452.9768229 26.8298735 0.1128195
6.4565423 1427.9016930 27.8502594 0.1170133
6.6069345 1403.1690898 28.9127799 0.1213765
6.7608298 1378.7781792 30.0192584 0.1259164
6.9183097 1354.7264582 31.1715677 0.1306403
7.0794578 1331.0136887 32.3716952 0.1355560
7.2443596 1307.6385594 33.6216852 0.1406715
7.4131024 1284.5992829 34.9237061 0.1459953
7.5857758 1261.8944287 36.2799832 0.1515360
7.7624712 1239.5218518 37.6928602 0.1573028
7.9432823 1217.4800028 39.1647911 0.1633052
8.1283052 1195.7662596 40.6983176 0.1695530
8.3176377 1174.3778810 42.2960881 0.1760567
8.5113804 1153.3136754 43.9609111 0.1828270
8.7096359 1132.5707823 45.6956560 0.1898751
8.9125094 1112.1465798 47.5033828 0.1972129
9.1201084 1092.0383266 49.3872277 0.2048526
9.3325430 1072.2434008 51.3504983 0.2128072
9.5499259 1052.7372511 53.3966433 0.2210900
9.7723722 1033.6043769 55.5292065 0.2297150
10.0000000 1014.6861481 57.7520063 0.2386968
10.2329299 996.0146840 60.0691087 0.2480519
10.4712855 977.6210908 62.4847245 0.2577977
10.7151931 959.5365942 65.0031482 0.2679502
10.9647820 941.7433763 67.6288727 0.2785263
11.2201845 924.2489458 70.3665697 0.2895431
11.4815362 907.0490120 73.2211171 0.3010191
11.7489755 890.1409530 76.1975905 0.3129736
12.0226443 873.5217893 79.3012945 0.3254272
12.3026877 857.1884220 82.5377545 0.3384015
12.5892541 841.1378718 85.9127627 0.3519195
12.8824955 825.3673378 89.4323399 0.3660048
13.1825674 809.8741981 93.1027509 0.3806817
13.4896288 794.6557711 96.9305349 0.3959751
13.8038426 779.7096731 100.9225357 0.4119101
14.1253754 765.0329842 105.0858717 0.4285125
14.4543977 750.6218311 109.4279432 0.4458088
14.7910839 736.4771672 113.9564629 0.4638267
15.1356125 722.5908285 118.6794867 0.4825955
15.4881662 708.9603718 123.6054285 0.5021457
15.8489319 695.5834136 128.7430757 0.5225092
16.2181010 682.4575702 134.1014824 0.5437199
16.5958691 669.5805771 139.6901296 0.5658127
16.9824365 656.9495741 145.5189555 0.5888249
17.3780083 644.5625350 151.5982031 0.6127950
17.7827941 632.4173146 157.9385880 0.6377637
18.1970086 620.5114100 164.5511460 0.6637723
18.6208714 608.8377896 171.4475377 0.6908631
19.0546072 597.3932354 178.6398505 0.7190788
19.4984460 586.1748276 186.1405834 0.7484622
19.9526231 575.1795867 193.9628755 0.7790572
20.4173794 564.4047117 202.1202625 0.8109092
20.8929613 553.8471041 210.6268741 0.8440659
21.3796209 543.5103393 219.4974196 0.8785773
21.8776162 533.3887562 228.7470350 0.9144958
22.3872114 523.4794348 238.3914812 0.9518753
22.9086765 513.7774290 248.4471592 0.9907718
23.4422882 504.2782697 258.9311257 1.0312424
23.9883292 494.9771300 269.8611535 1.0733462
24.5470892 485.8731756 281.2556558 1.1171442
25.1188643 476.9640229 293.1336860 1.1626989
25.7039578 468.2498208 305.5150595 1.2100752
26.3026799 459.7291690 318.4201100 1.2593394
26.9153480 451.4002798 331.8699333 1.3105584
27.5422870 443.2617527 345.8864790 1.3637979
28.1838293 435.3106381 360.4920928 1.4191215
28.8403150 427.5445225 375.7100959 1.4765916
29.5120923 419.9306014 391.5647546 1.5362740
30.1995172 412.4604723 408.0816767 1.5982465
30.9029543 404.8697617 425.2960117 1.6626975
31.6227766 397.4346123 443.2415374 1.7297738
32.3593657 390.1328863 461.9488001 1.7995915
33.1131121 382.9756079 481.4497483 1.8722634
33.8844156 375.9645947 501.7773369 1.9479012
34.6736850 369.0929936 522.9661665 2.0266164
35.4813389 362.3508830 545.0521184 2.1085270
36.3078055 355.7304266 568.0728116 2.1937554
37.1535229 349.2275722 592.0684867 2.2824311
38.0189396 342.8452398 617.0802378 2.3746887
38.9045145 336.5860514 643.1508055 2.4706660
39.8107171 330.4505731 670.3244544 2.5705061
40.7380278 324.4332034 698.6469735 2.6743635
41.6869383 318.5254505 728.1665297 2.7824101
42.6579519 312.7244543 758.9342162 2.8948372
43.6515832 307.0305126 791.0024680 3.0118455
44.6683592 301.4446086 824.4261586 3.1336215
45.7088190 295.9758895 859.2613201 3.2603367
46.7735141 290.6193796 895.5655086 3.3921517
47.8630092 285.3698050 933.3993902 3.5292478
48.9778819 280.2223687 972.8261303 3.6718258
50.1187234 275.1725716 1013.9122480 3.8201118
51.2861384 270.2168978 1056.7263352 3.9743396
52.4807460 265.3521295 1101.3412520 4.1347515
53.7031796 260.5776410 1147.8319921 4.3015959
54.9540874 255.8926874 1196.2770859 4.4751361
56.2341325 251.2973580 1246.7575023 4.6556479
57.5439937 246.7949751 1299.3575029 4.8434111
58.8843655 242.3867900 1354.1630562 5.0386838
60.2559586 238.0691677 1411.2637892 5.2417026
61.6595002 233.8386371 1470.7531088 5.4527137
63.0957344 229.6899393 1532.7279585 5.6720360
64.5654229 225.6147614 1597.2921103 5.9000675
66.0693448 221.6149210 1664.5533604 6.1372105
67.6082975 217.6920269 1734.6224314 6.3838087
69.1830971 213.8476881 1807.6141921 6.6401501
70.7945784 210.0784185 1883.6468037 6.9065670
72.4435960 206.4029297 1962.8415977 7.1834741
74.1310241 202.7943165 2045.3240518 7.4713328
75.8577575 199.2524894 2131.2285453 7.7705793
77.6247117 195.7771803 2220.6956766 8.0816100
79.4328235 192.3681955 2313.8705558 8.4048225
81.2830516 189.0254755 2410.9039025 8.7406471
83.1763771 185.7508080 2511.9503382 9.0895638
85.1138038 182.5419732 2617.1705816 9.4521208
87.0963590 179.3966918 2726.7324239 9.8289435
89.1250938 176.3140252 2840.8090220 10.2206279
91.2010839 173.2929604 2959.5806049 10.6276797
93.3254301 170.3325439 3083.2349624 11.0505558
95.4992586 167.4313307 3211.9647617 11.4897951
97.7237221 164.5883971 3345.9721817 11.9460589
100.0000000 161.8027002 3485.4657418 12.4199786
102.3292992 159.0730931 3630.6622540 12.9120904
104.7128548 156.3983837 3781.7853584 13.4229268
107.1519305 153.7773953 3939.0691824 13.9532187
109.6478196 151.2090403 4102.7554139 14.5038465
112.2018454 148.6957322 4273.0933008 15.0756855
114.8153621 146.2322268 4450.3384321 15.6695297
117.4897555 143.8133846 4634.7654198 16.2861079
120.2264435 141.4408742 4826.6581431 16.9261087
123.0268771 139.1165576 5026.3087737 17.5902946
125.8925412 136.8421928 5234.0138727 18.2796392
128.8249552 134.6204466 5450.0773179 18.9952329
131.8256739 132.4435273 5674.8146935 19.7379600
134.8962883 130.3101837 5908.5601187 20.5085429
138.0384265 128.2204903 6151.6555170 21.3078082
141.2537545 126.1744320 6404.4593959 22.1368035
144.5439771 124.1697222 6667.3356283 22.9966403
147.9108388 122.2067556 6940.6690610 23.8884125
151.3561248 120.2849139 7224.8484430 24.8132103
154.8816619 118.4040110 7520.2810583 25.7721673
158.4893192 116.5594658 7827.3834585 26.7664867
162.1810097 114.7490437 8146.6097531 27.7975042
165.9586907 112.9765212 8478.4096616 28.8665832
169.8243652 111.2428071 8823.2490000 29.9749937
173.7800829 109.5489218 9181.5984618 31.1239407
177.8279410 107.8927277 9553.9419101 32.3147396
181.9700859 106.2685783 9940.7983272 33.5488369
186.2087137 104.6808537 10342.6876709 34.8277702
190.5460718 103.1260008 10760.1591651 36.1531152
194.9844600 101.6004516 11193.7815439 37.5261902
199.5262315 100.1036399 11644.1547588 38.9481681
204.1737945 98.6417856 12111.8826631 40.4207104
208.9296131 97.2151567 12597.5593551 41.9460012
213.7962090 95.8200737 13101.8140519 43.5258271
218.7761624 94.4527971 13625.3023102 45.1613601
223.8721139 93.1171482 14168.7070013 46.8539226
229.0867653 91.8098123 14732.7119723 48.6053800
234.4228815 90.5284207 15318.0488709 50.4178632
239.8832919 89.2707014 15925.4805623 52.2935285
245.4708916 88.0426806 16555.7786911 54.2344273
251.1886432 86.8446860 17209.7002691 56.2424070
257.0395783 85.6745277 17888.0413291 58.3193937
263.0267992 84.5299262 18591.6193660 60.4675755
269.1534804 83.4088408 19321.2967487 62.6892234
275.4228703 82.3142880 20077.9534058 64.9865287
281.8382931 81.2411357 20862.4985319 67.3619992
288.4031503 80.1907694 21675.8764405 69.8184528
295.1209227 79.1645820 22519.0490050 72.3581737
301.9951720 78.1639589 23392.9800495 74.9822850
309.0295433 77.1876637 24298.6451045 77.6925596
316.2277660 76.2329925 25237.0626242 80.4927313
323.5936569 75.2987086 26209.3134963 83.3864372
331.1311215 74.3834715 27216.4981194 86.3756046
338.8441561 73.4880854 28259.7695707 89.4621170
346.7368505 72.6169900 29340.2536125 92.6497577
354.8133892 71.7680026 30459.0701539 95.9424235
363.0780548 70.9391123 31617.4034891 99.3421801
371.5352291 70.1281512 32816.4944930 102.8506603
380.1893963 69.3336669 34057.6425724 106.4709866
389.0451450 68.5567991 35342.1744489 110.2070111
398.1071706 67.8015627 36671.4051378 114.0620233
407.3802778 67.0663562 38046.6184374 118.0387780
416.8693835 66.3494887 39469.1761883 122.1404266
426.5795188 65.6491725 40940.5026652 126.3705250
436.5158322 64.9629718 42462.0533599 130.7328906
446.6835922 64.2928829 44035.4164362 135.2315713
457.0881896 63.6418630 45662.0551898 139.8704815
467.7351413 63.0081691 47343.4485254 144.6533513
478.6300923 62.3899985 49081.1924108 149.5831296
489.7788194 61.7848745 50876.9140313 154.6619890
