#E[MeV/u] dE/dx[MeVcm2/mg] range[mg/cm2] rangestragg.[mg/cm2]
0.0010000 204.5169019 -0.0000000 0.0000000
0.0010233 205.7215720 0.0010220 0.0003784
0.0010471 206.9362861 0.0020617 0.0005389
0.0010715 208.1605374 0.0031194 0.0006646
0.0010965 209.3940874 0.0041953 0.0007728
0.0011220 210.6366084 0.0052898 0.0008701
0.0011482 211.8878471 0.0064032 0.0009599
0.0011749 213.1476990 0.0075358 0.0010441
0.0012023 214.4160450 0.0086879 0.0011241
0.0012303 215.6930043 0.0098598 0.0012008
0.0012589 216.9787856 0.0110520 0.0012748
0.0012882 218.2737762 0.0122647 0.0013467
0.0013183 219.5785723 0.0134983 0.0014167
0.0013490 220.8940381 0.0147531 0.0014852
0.0013804 222.2214404 0.0160295 0.0015525
0.0014125 223.5621352 0.0173278 0.0016186
0.0014454 224.9094613 0.0186483 0.0016839
0.0014791 226.2681129 0.0199916 0.0017485
0.0015136 227.6392373 0.0213578 0.0018124
0.0015488 229.0227602 0.0227474 0.0018758
0.0015849 230.4185175 0.0241608 0.0019387
0.0016218 231.8265540 0.0255984 0.0020013
0.0016596 233.2470783 0.0270605 0.0020636
0.0016982 234.6802692 0.0285475 0.0021257
0.0017378 236.1267079 0.0300599 0.0021876
0.0017783 237.5869607 0.0315979 0.0022494
0.0018197 239.0620260 0.0331622 0.0023112
0.0018621 240.5546755 0.0347529 0.0023729
0.0019055 242.0551336 0.0363706 0.0024346
0.0019498 243.5725352 0.0380157 0.0024964
0.0019953 245.1065971 0.0396886 0.0025583
0.0020417 246.6573045 0.0413898 0.0026202
0.0020893 248.2244486 0.0431196 0.0026823
0.0021380 249.8080892 0.0448785 0.0027446
0.0021878 251.4082858 0.0466669 0.0028070
0.0022387 253.0252321 0.0484853 0.0028697
0.0022909 254.6593454 0.0503342 0.0029326
0.0023442 256.3111324 0.0522139 0.0029957
0.0023988 257.9814276 0.0541250 0.0030591
0.0024547 259.6711846 0.0560680 0.0031228
0.0025119 261.3817447 0.0580432 0.0031868
0.0025704 263.1125118 0.0600512 0.0032510
0.0026303 264.8604459 0.0620923 0.0033157
0.0026915 266.6299579 0.0641673 0.0033806
0.0027542 268.4210182 0.0662764 0.0034459
0.0028184 270.2337755 0.0684202 0.0035115
0.0028840 272.0682599 0.0705992 0.0035776
0.0029512 273.9247693 0.0728139 0.0036440
0.0030200 275.8037508 0.0750647 0.0037108
0.0030903 277.7058898 0.0773523 0.0037780
0.0031623 279.6320209 0.0796770 0.0038456
0.0032359 281.5831276 0.0820395 0.0039136
0.0033113 283.5592993 0.0844402 0.0039820
0.0033884 285.5572576 0.0868797 0.0040509
0.0034674 287.5823373 0.0893585 0.0041202
0.0035481 289.6345385 0.0918771 0.0041899
0.0036308 291.7137122 0.0944360 0.0042601
0.0037154 293.8200968 0.0970358 0.0043307
0.0038019 295.9536624 0.0996771 0.0044018
0.0038905 298.1148562 0.1023603 0.0044734
0.0039811 300.3040656 0.1050861 0.0045454
0.0040738 302.5220356 0.1078550 0.0046179
0.0041687 304.7695710 0.1106676 0.0046908
0.0042658 307.0478938 0.1135243 0.0047642
0.0043652 309.3585835 0.1164259 0.0048381
0.0044668 311.6988088 0.1193728 0.0049125
0.0045709 314.0698512 0.1223656 0.0049873
0.0046774 316.4739759 0.1254050 0.0050626
0.0047863 318.9111828 0.1284914 0.0051384
0.0048978 321.3816806 0.1316256 0.0052147
0.0050119 323.8857970 0.1348080 0.0052915
0.0051286 326.4238898 0.1380393 0.0053687
0.0052481 328.9966445 0.1413200 0.0054465
0.0053703 331.6050147 0.1446509 0.0055247
0.0054954 334.2501926 0.1480325 0.0056034
0.0056234 336.9336088 0.1514654 0.0056825
0.0057544 339.6496304 0.1549501 0.0057622
0.0058884 342.4050526 0.1584875 0.0058423
0.0060256 345.1998159 0.1620780 0.0059229
0.0061660 348.0338009 0.1657224 0.0060040
0.0063096 350.9071569 0.1694211 0.0060855
0.0064565 353.8200922 0.1731750 0.0061676
0.0066069 356.7730541 0.1769846 0.0062500
0.0067608 359.7666386 0.1808505 0.0063330
0.0069183 362.8018293 0.1847735 0.0064164
0.0070795 365.8798480 0.1887542 0.0065003
0.0072444 369.0023638 0.1927933 0.0065847
0.0074131 372.1680355 0.1968913 0.0066695
0.0075858 375.3760286 0.2010491 0.0067547
0.0077625 378.6297706 0.2052673 0.0068404
0.0079433 381.9293211 0.2095465 0.0069266
0.0081283 385.2747992 0.2138875 0.0070132
0.0083176 388.6664435 0.2182908 0.0071002
0.0085114 392.1048499 0.2227574 0.0071877
0.0087096 395.5907934 0.2272879 0.0072756
0.0089125 399.1256748 0.2318829 0.0073639
0.0091201 402.7111928 0.2365431 0.0074526
0.0093325 406.3440691 0.2412694 0.0075418
0.0095499 410.0268072 0.2460625 0.0076314
0.0097724 413.7620000 0.2509230 0.0077214
0.0100000 417.5494091 0.2558517 0.0078118
0.0102329 421.3892133 0.2608493 0.0079026
0.0104713 425.2812636 0.2659167 0.0079937
0.0107152 429.2261859 0.2710546 0.0080853
0.0109648 433.2248146 0.2762637 0.0081773
0.0112202 437.2782227 0.2815448 0.0082696
0.0114815 441.3883177 0.2868987 0.0083624
0.0117490 445.5574838 0.2923263 0.0084555
0.0120226 449.7788365 0.2978282 0.0085489
0.0123027 454.0591112 0.3034052 0.0086427
0.0125893 458.3986062 0.3090583 0.0087369
0.0128825 462.7972021 0.3147882 0.0088314
0.0131826 467.2550182 0.3205957 0.0089263
0.0134896 471.7726505 0.3264817 0.0090215
0.0138038 476.3510826 0.3324470 0.0091171
0.0141254 480.9917749 0.3384925 0.0092129
0.0144544 485.6989595 0.3446190 0.0093091
0.0147911 490.4622051 0.3508273 0.0094057
0.0151356 495.2922112 0.3571184 0.0095025
0.0154882 500.1882924 0.3634932 0.0095996
0.0158489 505.1502698 0.3699526 0.0096971
0.0162181 510.1779348 0.3764973 0.0097948
0.0165959 515.2717643 0.3831283 0.0098928
0.0169824 520.4324735 0.3898467 0.0099911
0.0173780 525.6616719 0.3966532 0.0100897
0.0177828 530.9615054 0.4035489 0.0101886
0.0181970 536.3338217 0.4105347 0.0102877
0.0186209 541.7718852 0.4176115 0.0103871
0.0190546 547.2837430 0.4247803 0.0104868
0.0194984 552.8686201 0.4320421 0.0105867
0.0199526 558.5267550 0.4393979 0.0106869
0.0204174 564.2583265 0.4468487 0.0107873
0.0208930 570.0642287 0.4543954 0.0108879
0.0213796 575.9463691 0.4620393 0.0109888
0.0218776 581.9073107 0.4697811 0.0110899
0.0223872 587.9880041 0.4776220 0.0111912
0.0229087 594.2989021 0.4855613 0.0112927
0.0234423 600.8029289 0.4935984 0.0113942
0.0239883 607.4798773 0.5017329 0.0114958
0.0245471 614.3033414 0.5099650 0.0115974
0.0251189 621.2395830 0.5182949 0.0116989
0.0257040 629.6682209 0.5267128 0.0117999
0.0263027 638.0293233 0.5352140 0.0119004
0.0269153 646.5644203 0.5437990 0.0120003
0.0275423 655.2758964 0.5524676 0.0120995
0.0281838 664.1666126 0.5612197 0.0121980
0.0288403 673.2374034 0.5700553 0.0122959
0.0295121 682.4977465 0.5789746 0.0123931
0.0301995 691.9465689 0.5879774 0.0124895
0.0309030 701.5862549 0.5970637 0.0125853
0.0316228 711.4198446 0.6062335 0.0126803
0.0323594 721.4503778 0.6154867 0.0127746
0.0331131 731.6811927 0.6248235 0.0128681
0.0338844 742.1152100 0.6342439 0.0129609
0.0346737 752.7539795 0.6437477 0.0130529
0.0354813 763.6007796 0.6533351 0.0131441
0.0363078 774.6582927 0.6630063 0.0132345
0.0371535 785.9226442 0.6727610 0.0133241
0.0380189 797.4040867 0.6825995 0.0134130
0.0389045 809.1019049 0.6925219 0.0135010
0.0398107 821.0156220 0.7025286 0.0135882
0.0407380 833.1455955 0.7126193 0.0136746
0.0416869 845.4926600 0.7227947 0.0137602
0.0426580 858.0596171 0.7330547 0.0138450
0.0436516 870.8505796 0.7433997 0.0139290
0.0446684 883.8563680 0.7538299 0.0140122
0.0457088 897.0830623 0.7643460 0.0140945
0.0467735 910.5300067 0.7749483 0.0141761
0.0478630 924.1935057 0.7856371 0.0142569
0.0489779 938.0708768 0.7964131 0.0143369
0.0501187 952.1605108 0.8072771 0.0144161
0.0512861 966.4622286 0.8182295 0.0144946
0.0524807 980.9610689 0.8292714 0.0145723
0.0537032 995.7026314 0.8404032 0.0146492
0.0549541 1010.6094263 0.8516261 0.0147254
0.0562341 1025.6820496 0.8629411 0.0148009
0.0575440 1040.9253892 0.8743500 0.0148757
0.0588844 1056.3495783 0.8858538 0.0149498
0.0602560 1071.9716647 0.8974540 0.0150233
0.0616595 1087.8160876 0.9091514 0.0150961
0.0630957 1103.7980848 0.9209472 0.0151682
0.0645654 1119.9236173 0.9328436 0.0152398
0.0660693 1136.1900622 0.9448424 0.0153108
0.0676083 1152.5822792 0.9569455 0.0153812
0.0691831 1169.0863201 0.9691549 0.0154510
0.0707946 1185.6905018 0.9814730 0.0155204
0.0724436 1202.3854063 0.9939025 0.0155892
0.0741310 1219.1438525 1.0064456 0.0156576
0.0758578 1235.9607142 1.0191053 0.0157256
0.0776247 1252.8189437 1.0318846 0.0157932
0.0794328 1269.6954130 1.0447868 0.0158604
0.0812831 1286.5689020 1.0578151 0.0159273
0.0831764 1303.4199785 1.0709732 0.0159939
0.0851138 1320.2329061 1.0842650 0.0160602
0.0870964 1336.9923061 1.0976946 0.0161263
0.0891251 1353.6544264 1.1112661 0.0161922
0.0912011 1370.2143792 1.1249848 0.0162580
0.0933254 1386.6418839 1.1388546 0.0163237
0.0954993 1402.9092826 1.1528815 0.0163894
0.0977237 1418.9917783 1.1670701 0.0164550
0.1000000 1434.8692238 1.1814267 0.0165207
0.1023293 1450.5059737 1.1959574 0.0165865
0.1047129 1465.8830728 1.2106684 0.0166525
0.1071519 1480.9781085 1.2255664 0.0167187
0.1096478 1495.7577007 1.2406582 0.0167851
0.1122018 1510.1920456 1.2559516 0.0168519
0.1148154 1524.2567039 1.2714542 0.0169190
0.1174898 1537.9317667 1.2871743 0.0169866
0.1202264 1551.1901723 1.3031201 0.0170547
0.1230269 1564.0018782 1.3193008 0.0171234
0.1258925 1576.3534133 1.3357256 0.0171928
0.1288250 1588.2165235 1.3524045 0.0172629
0.1318257 1599.5684386 1.3693477 0.0173338
0.1348963 1610.3934224 1.3865654 0.0174056
0.1380384 1620.6828911 1.4040695 0.0174784
0.1412538 1630.3896358 1.4218710 0.0175523
0.1445440 1639.5343997 1.4399822 0.0176273
0.1479108 1648.0947704 1.4584150 0.0177036
0.1513561 1656.0556075 1.4771833 0.0177813
0.1548817 1663.4076124 1.4963000 0.0178604
0.1584893 1670.1507850 1.5157792 0.0179411
0.1621810 1676.2919205 1.5356358 0.0180235
0.1659587 1681.8117061 1.5558836 0.0181077
0.1698244 1686.7252821 1.5765395 0.0181938
0.1737801 1691.0353905 1.5976190 0.0182820
0.1778279 1694.7444155 1.6191379 0.0183724
0.1819701 1697.8620137 1.6411142 0.0184651
0.1862087 1700.4061865 1.6635647 0.0185602
0.1905461 1702.3901668 1.6865076 0.0186580
0.1949845 1703.8255185 1.7099614 0.0187585
0.1995262 1704.7376344 1.7339451 0.0188619
0.2041738 1705.1397474 1.7584779 0.0189683
0.2089296 1705.0517666 1.7835800 0.0190781
0.2137962 1704.4994423 1.8092716 0.0191912
0.2187762 1703.5179431 1.8355734 0.0193078
0.2238721 1702.1107262 1.8625068 0.0194282
0.2290868 1700.3222589 1.8900936 0.0195525
0.2344229 1698.1755498 1.9183556 0.0196809
0.2398833 1695.6931305 1.9473157 0.0198136
0.2454709 1692.9023014 1.9769965 0.0199507
0.2511886 1689.8369195 2.0074213 0.0200924
0.2570396 1686.5189205 2.0386132 0.0202390
0.2630268 1682.9766775 2.0705970 0.0203906
0.2691535 1679.2374910 2.1033969 0.0205474
0.2754229 1675.3227004 2.1370373 0.0207095
0.2818383 1671.2571025 2.1715433 0.0208773
0.2884032 1667.0690706 2.2069408 0.0210508
0.2951209 1662.8163047 2.2432548 0.0212302
0.3019952 1658.4067708 2.2805107 0.0214157
0.3090295 1653.8810020 2.3187381 0.0216075
0.3162278 1649.5189158 2.3579615 0.0218057
0.3235937 1645.6335714 2.3981999 0.0220106
0.3311311 1643.6023819 2.4394533 0.0222216
0.3388442 1641.8033044 2.4817113 0.0224385
0.3467369 1639.8746400 2.5250025 0.0226613
0.3548134 1637.8331979 2.5693559 0.0228903
0.3630781 1635.6845814 2.6148005 0.0231256
0.3715352 1633.4481032 2.6613660 0.0233673
0.3801894 1631.1291280 2.7090826 0.0236157
0.3890451 1628.7400543 2.7579816 0.0238708
0.3981072 1626.2835047 2.8080941 0.0241327
0.4073803 1623.7685396 2.8594515 0.0244017
0.4168694 1621.1981395 2.9120884 0.0246779
0.4265795 1618.5757615 2.9660369 0.0249614
0.4365158 1615.9053397 3.0213329 0.0252523
0.4466836 1613.1806751 3.0780115 0.0255509
0.4570882 1610.4105894 3.1361096 0.0258572
0.4677351 1607.5882874 3.1956635 0.0261715
0.4786301 1604.7125770 3.2567134 0.0264937
0.4897788 1602.1998770 3.3192948 0.0268242
0.5011872 1598.4788112 3.3834533 0.0271631
0.5128614 1594.7122052 3.4492608 0.0275109
0.5248075 1590.8986283 3.5167615 0.0278680
0.5370318 1587.0366501 3.5860007 0.0282343
0.5495409 1583.1241246 3.6570265 0.0286103
0.5623413 1579.1591444 3.7298882 0.0289959
0.5754399 1575.1387291 3.8046358 0.0293915
0.5888437 1571.0610904 3.8813208 0.0297972
0.6025596 1566.9231289 3.9599980 0.0302132
0.6165950 1562.7017167 4.0407228 0.0306398
0.6309573 1558.3994765 4.1235534 0.0310771
0.6456542 1554.0061558 4.2085490 0.0315255
0.6606934 1549.5162709 4.2957755 0.0319851
0.6760830 1544.9233839 4.3852948 0.0324563
0.6918310 1540.2204612 4.4771753 0.0329393
0.7079458 1535.4004692 4.5714858 0.0334343
0.7244360 1530.4544666 4.6683023 0.0339418
0.7413102 1525.3816190 4.7676983 0.0344621
0.7585776 1520.1713163 4.8697522 0.0349954
0.7762471 1514.8201010 4.9745474 0.0355421
0.7943282 1509.3224895 5.0821677 0.0361027
0.8128305 1503.6740706 5.1927027 0.0366775
0.8317638 1497.8695990 5.3062432 0.0372669
0.8511380 1491.9038292 5.4228865 0.0378714
0.8709636 1485.7755689 5.5427320 0.0384914
0.8912509 1479.4777845 5.6658825 0.0391275
0.9120108 1473.0082110 5.7924468 0.0397800
0.9332543 1466.3643448 5.9225365 0.0404496
0.9549926 1459.5438015 6.0562695 0.0411368
0.9772372 1452.5441969 6.1937661 0.0418421
1.0000000 1445.3629083 6.3351539 0.0425663
1.0232930 1438.0695574 6.4805659 0.0433099
1.0471285 1430.3135320 6.6301371 0.0440736
1.0715193 1421.8472221 6.7840630 0.0448586
1.0964782 1412.7127107 6.9425538 0.0456671
1.1220185 1403.5895248 7.1057926 0.0465000
1.1481536 1394.3703706 7.2739282 0.0473578
1.1748976 1385.0738457 7.4471270 0.0482412
1.2022644 1375.6968505 7.6255589 0.0491512
1.2302688 1366.2291324 7.8094014 0.0500884
1.2589254 1356.6665191 7.9988418 0.0510538
1.2882496 1347.0055531 8.1940729 0.0520481
1.3182567 1337.2425389 8.3952971 0.0530725
1.3489629 1327.3731847 8.6027276 0.0541278
1.3803843 1317.3983250 8.8165798 0.0552152
1.4125375 1307.3128335 9.0370850 0.0563356
1.4454398 1297.1157565 9.2644851 0.0574905
1.4791084 1286.8062596 9.4990296 0.0586808
1.5135612 1276.3783819 9.7409776 0.0599079
1.5488166 1265.8463100 9.9906034 0.0611733
1.5848932 1255.2011029 10.2481926 0.0624782
1.6218101 1244.4445488 10.5140347 0.0638242
1.6595869 1233.5791511 10.7884441 0.0652130
1.6982437 1222.6075326 11.0717407 0.0666460
1.7378008 1211.5325545 11.3642626 0.0681250
1.7782794 1200.3567203 11.6663631 0.0696519
1.8197009 1189.0838448 11.9784032 0.0712286
1.8620871 1177.7166701 12.3007647 0.0728569
1.9054607 1166.2590110 12.6338495 0.0745390
1.9498446 1154.7177820 12.9780719 0.0762770
1.9952623 1143.0942945 13.3338585 0.0780731
2.0417379 1131.3949861 13.7016713 0.0799298
2.0892961 1119.6247446 14.0819720 0.0818493
2.1379621 1107.7886963 14.4752569 0.0838342
2.1877616 1095.8925635 14.8820355 0.0858872
2.2387211 1083.9418302 15.3028478 0.0880110
2.2908677 1071.9424569 15.7382422 0.0902084
2.3442288 1059.9006431 16.1888064 0.0924825
2.3988329 1047.8210380 16.6551413 0.0948362
2.4547089 1035.7087680 17.1378793 0.0972728
2.5118864 1023.5753968 17.6376794 0.0997956
2.5703958 1011.4271237 18.1552215 0.1024082
2.6302680 999.2703864 18.6912256 0.1051141
2.6915348 987.1109071 19.2464269 0.1079171
2.7542287 974.9551235 19.8216026 0.1108210
2.8183829 962.8095328 20.4175583 0.1138300
2.8840315 950.6657303 21.0351339 0.1169485
2.9512092 938.5390948 21.6752171 0.1201808
3.0199517 926.4334412 22.3387240 0.1235318
3.0902954 914.3549090 23.0266012 0.1270063
3.1622777 902.3088630 23.7398487 0.1306095
3.2359366 890.3010851 24.4795121 0.1343466
3.3113112 878.3378938 25.2466580 0.1382231
3.3884416 866.4205406 26.0424198 0.1422446
3.4673685 854.5597552 26.8679650 0.1464171
3.5481339 842.7584581 27.7245222 0.1507466
3.6307805 831.0209412 28.6133578 0.1552395
3.7153523 819.3512578 29.5357957 0.1599021
3.8018940 807.7536996 30.4932206 0.1647413
3.8904514 796.2326776 31.4870725 0.1697640
3.9810717 784.7920067 32.5188406 0.1749774
4.0738028 773.4360978 33.5900946 0.1803890
4.1686938 762.1654279 34.7024439 0.1860065
4.2657952 750.9867921 35.8575988 0.1918381
4.3651583 739.9015615 37.0573155 0.1978922
4.4668359 728.9124184 38.3034225 0.2041774
4.5708819 718.0220451 39.5978397 0.2107030
4.6773514 707.2326471 40.9425631 0.2174784
4.7863009 696.5468472 42.3396499 0.2245134
4.8977882 685.9667912 43.7912751 0.2318184
5.0118723 675.4925388 45.2996901 0.2394041
5.1286138 665.1278452 46.8672415 0.2472814
5.2480746 654.8736045 48.4963519 0.2554619
5.3703180 644.7310089 50.1895737 0.2639574
5.4954087 634.7009525 51.9495544 0.2727804
5.6234133 624.7843891 53.7790595 0.2819437
5.7543994 614.9820934 55.6809576 0.2914607
5.8884366 605.2948405 57.6582388 0.3013451
6.0255959 595.7232264 59.7140269 0.3116113
6.1659500 586.2679067 61.8515561 0.3222743
6.3095734 576.9291796 64.0742281 0.3333496
6.4565423 567.7067470 66.3855589 0.3448532
6.6069345 558.6006685 68.7891978 0.3568020
6.7608298 549.6113017 71.2890076 0.3692134
6.9183097 540.7383485 73.8889500 0.3821054
7.0794578 531.9815707 76.5931619 0.3954968
7.2443596 523.3405509 79.4060012 0.4094074
7.4131024 514.8149910 82.3319554 0.4238574
7.5857758 506.4045931 85.3757099 0.4388682
7.7624712 498.1085822 88.5421712 0.4544619
7.9432823 489.9266306 91.8364209 0.4706616
8.1283052 481.8578440 95.2637922 0.4874913
8.3176377 473.9016860 98.8297781 0.5049761
8.5113804 466.0572923 102.5401994 0.5231418
8.7096359 458.3240370 106.4010138 0.5420152
8.9125094 450.7009069 110.4184915 0.5616237
9.1201084 443.1871567 114.5991770 0.5819959
9.3325430 435.7818030 118.9498662 0.6031611
9.5499259 428.4812991 123.4776063 0.6251494
9.7723722 421.2861517 128.1899171 0.6479926
10.0000000 414.2109945 133.0943182 0.6717241
10.2329299 407.2498369 138.1987406 0.6963770
10.4712855 400.3965094 143.5113974 0.7219859
10.7151931 393.6450216 149.0408976 0.7485906
10.9647820 386.9889060 154.7964141 0.7762330
11.2201845 380.4360010 160.7873485 0.8049560
11.4815362 373.9807929 167.0235745 0.8348039
11.7489755 367.6237287 173.5153165 0.8658217
12.0226443 361.3637356 180.2731950 0.8980552
12.3026877 355.1998598 187.3084398 0.9315510
12.5892541 349.1310284 194.6325705 0.9663567
12.8824955 343.1551550 202.2576704 1.0025224
13.1825674 337.2748029 210.1963559 1.0401010
13.4896288 331.4889586 218.4617161 1.0791496
13.8038426 325.7881447 227.0673426 1.1197289
14.1253754 320.1628238 236.0278482 1.1619126
14.4543977 314.6380311 245.3583027 1.2057583
14.7910839 309.2096837 255.0735624 1.2513338
15.1356125 303.8704794 265.1897334 1.2987083
15.4881662 298.6193752 275.7235311 1.3479505
15.8489319 293.4556557 286.6922651 1.3991306
16.2181010 288.3783078 298.1140984 1.4523199
16.5958691 283.3863477 310.0077731 1.5075935
16.9824365 278.4788815 322.3929453 1.5650317
17.3780083 273.6539718 335.2900028 1.6247179
17.7827941 268.9105458 348.7202169 1.6867416
18.1970086 264.2473814 362.7057429 1.7511960
18.6208714 259.6632866 377.2695891 1.8181767
19.0546072 255.1572181 392.4358917 1.8877840
19.4984460 250.7280733 408.2294570 1.9601200
19.9526231 246.3742725 424.6766459 2.0352917
20.4173794 242.0986472 441.8040933 2.1134080
20.8929613 237.9007651 459.6400189 2.1945804
21.3796209 233.7801046 478.2132213 2.2789239
21.8776162 229.7363380 497.5538706 2.3665549
22.3872114 225.7688841 517.6929902 2.4575936
22.9086765 221.8772511 538.6630052 2.5521670
23.4422882 218.0526766 560.4980169 2.6504079
23.9883292 214.2975451 583.2331933 2.7524556
24.5470892 210.6102768 606.9054698 2.8584548
25.1188643 206.9913486 631.5531228 2.9685542
25.7039578 203.4413865 657.2152209 3.0829031
26.3026799 199.9609567 683.9327833 3.2016529
26.9153480 196.5489118 711.7478651 3.3249599
27.5422870 193.2040744 740.7044111 3.4529870
28.1838293 189.9252972 770.8476458 3.5859023
28.8403150 186.7115818 802.2246833 3.7238830
29.5120923 183.5706919 834.8839175 3.8671061
30.1995172 180.4386091 868.8784356 4.0157516
30.9029543 177.3164807 904.2734537 4.1701848
31.6227766 174.2381640 941.1324811 4.3306718
32.3593657 171.2136729 979.5163457 4.4974372
33.1131121 168.2390586 1019.4881302 4.6707388
33.8844156 165.3125177 1061.1146355 4.8508717
34.6736850 162.4345720 1104.4652830 5.0381475
35.4813389 159.6089618 1149.6115058 5.2328533
36.3078055 156.8374604 1196.6264434 5.4352476
37.1535229 154.1217816 1245.5854295 5.6455687
38.0189396 151.4540273 1296.5672109 5.8640865
38.9045145 148.8318281 1349.6555324 6.0911299
39.8107171 146.2527998 1404.9380396 6.3270924
40.7380278 143.7144983 1462.5065225 6.5723818
41.6869383 141.2222736 1522.4559406 6.8273767
42.6579519 138.7753805 1584.8841790 7.0924238
43.6515832 136.3734911 1649.8922921 7.3678575
44.6683592 134.0155027 1717.5853570 7.6540407
45.7088190 131.6998954 1788.0738145 7.9513855
46.7735141 129.4268628 1861.4715182 8.2603370
47.8630092 127.1931712 1937.8982953 8.5813589
48.9778819 124.9993423 2017.4779952 8.9149283
50.1187234 122.8460167 2100.3400750 9.2615309
51.2861384 120.7337683 2186.6166733 9.6216524
52.4807460 118.6637443 2276.4459019 9.9957829
53.7031796 116.6346411 2369.9677012 10.3844213
54.9540874 114.6419506 2467.3327385 10.7881193
56.2341325 112.6835792 2568.6970449 11.2074930
57.5439937 110.7573662 2674.2259156 11.6431990
58.8843655 108.8628122 2784.0914723 12.0958612
60.2559586 106.9983750 2898.4738820 12.5660826
61.6595002 105.1698440 3017.5584316 13.0544641
63.0957344 103.3770030 3141.5326020 13.5617093
64.5654229 101.6195838 3270.5914318 14.0886250
66.0693448 99.8973779 3404.9370301 14.6360089
67.6082975 98.2086938 3544.7780882 15.2045706
69.1830971 96.5493962 3690.3371941 15.7949507
70.7945784 94.9212288 3841.8442497 16.4079023
72.4435960 93.3235953 3999.5362269 17.0443921
74.1310241 91.7559072 4163.6618003 17.7054994
75.8577575 90.2175759 4334.4767143 18.3921649
77.6247117 88.7079382 4512.2471967 19.1052003
79.4328235 87.2271953 4697.2516654 19.8454115
81.2830516 85.7756006 4889.7739017 20.6137435
83.1763771 84.3508590 5090.1113397 21.4112778
85.1138038 82.9506311 5298.5745784 22.2391829
87.0963590 81.5726592 5515.4966466 23.0986840
89.1250938 80.2217194 5741.2159364 23.9910086
91.2010839 78.8996893 5976.0742532 24.9173036
93.3254301 77.6056077 6220.4212039 25.8787054
95.4992586 76.3368220 6474.6205357 26.8764445
97.7237221 75.0906575 6739.0608633 27.9118790
100.0000000 73.8699305 7014.1415285 28.9864024
102.3292992 72.6724953 7300.2750380 30.1013925
104.7128548 71.4972564 7597.8909649 31.2583069
107.1519305 70.3428578 7907.4422864 32.4588441
109.6478196 69.2079434 8229.4005087 33.7048080
112.2018454 68.0959184 8564.2527410 34.9976832
114.8153621 67.0091670 8912.4787786 36.3385339
117.4897555 65.9454838 9274.5788958 37.7287375
120.2264435 64.9026782 9651.0777467 39.1704393
123.0268771 63.8785893 10042.5282662 40.6659718
125.8925412 62.8711235 10449.5145952 42.2171270
128.8249552 61.8825645 10872.6511056 43.8254446
131.8256739 60.9163063 11312.5355913 45.4929884
134.8962883 59.9711193 11769.7833993 47.2223250
138.0384265 59.0457332 12245.0323063 49.0156081
141.2537545 58.1389075 12738.9561710 50.8744278
144.5439771 57.2467079 13252.2610337 52.8006351
147.9108388 56.3709564 13785.7007191 54.7968846
151.3561248 55.5135379 14340.0212501 56.8658808
154.8816619 54.6748474 14915.9862035 59.0098830
158.4893192 53.8552611 15514.3728085 61.2311169
162.1810097 53.0477640 16136.0031534 63.5323682
165.9586907 52.2564542 16781.7851434 65.9167213
169.8243652 51.4834103 17452.5720730 68.3871037
173.7800829 50.7277644 18149.2503930 70.9460744
177.8279410 49.9886149 18872.7328849 73.5955953
181.9700859 49.2635477 19623.9888909 76.3376934
186.2087137 48.5506293 20404.0404141 79.1760883
190.5460718 47.8512940 21213.9601674 82.1157575
194.9844600 47.1679521 22054.8169630 85.1598222
199.5262315 46.5020976 22927.6406054 88.3096226
204.1737945 45.8470359 23833.5681703 91.5684533
208.9296131 45.2043427 24773.8088978 94.9420295
213.7962090 44.5758362 25749.5798296 98.4345796
218.7761624 43.9634311 26762.0824041 102.0478252
223.8721139 43.3625601 27812.5395142 105.7843276
229.0867653 42.7722397 28902.3378852 109.6487794
234.4228815 42.1947908 30032.8583913 113.6458298
239.8832919 41.6321321 31205.4448493 117.7790305
245.4708916 41.0828254 32421.4664309 122.0520109
251.1886432 40.5445201 33682.3878771 126.4689694
257.0395783 40.0163034 34989.7636465 131.0347510
263.0267992 39.4979517 36345.2008580 135.7546683
269.1534804 38.9915812 37750.3300355 140.6335913
275.4228703 38.4984957 39206.7309927 145.6753648
281.8382931 38.0157671 40716.0459554 150.8846877
288.4031503 37.5413798 42280.0731809 156.2679925
295.1209227 37.0780720 43900.6733385 161.8303263
301.9951720 36.6270248 45579.5861737 167.5735479
309.0295433 36.1859991 47318.6411496 173.5012201
316.2277660 35.7531286 49119.8042565 179.6219768
323.5936569 35.3295195 50985.1741113 185.9442517
331.1311215 34.9179623 52916.6698948 192.4711275
338.8441561 34.5158195 54916.2966052 199.2047760
346.7368505 34.1210940 56986.2542792 206.1509517
354.8133892 33.7351868 59128.8365724 213.3175467
363.0780548 33.3602586 61346.1616051 220.7130449
371.5352291 32.9936493 63640.4723227 228.3450821
380.1893963 32.6350945 66014.1794038 236.2193062
389.0451450 32.2843260 68469.7013287 244.3400637
398.1071706 31.9429941 71009.5579975 252.7123201
407.3802778 31.6112143 73636.0274627 261.3424340
416.8693835 31.2853990 76351.7778539 270.2389281
426.5795188 30.9670048 79159.5631179 279.4106367
436.5158322 30.6575667 82062.0279798 288.8622400
446.6835922 30.3571834 85061.7859585 298.5955582
457.0881896 30.0630067 88161.5831992 308.6174426
467.7351413 29.7750013 91364.4623061 318.9410737
478.6300923 29.4948138 94673.3878676 329.5784067
489.7788194 29.2234705 98091.1606399 340.5372932
