#E[MeV/u] dE/dx[MeVcm2/mg] range[mg/cm2] rangestragg.[mg/cm2]
0.0010000 466.1579225 0.0000000 0.0000000
0.0010233 467.1857114 0.0003494 0.0000936
0.0010471 468.2437724 0.0007061 0.0001337
0.0010715 469.3331482 0.0010703 0.0001653
0.0010965 470.4547029 0.0014421 0.0001928
0.0011220 471.6093007 0.0018217 0.0002176
0.0011482 472.7979842 0.0022091 0.0002407
0.0011749 474.0216475 0.0026046 0.0002626
0.0012023 475.2812736 0.0030082 0.0002835
0.0012303 476.5779056 0.0034201 0.0003037
0.0012589 477.9125563 0.0038404 0.0003233
0.0012882 479.2861197 0.0042693 0.0003424
0.0013183 480.6996684 0.0047069 0.0003612
0.0013490 482.1542452 0.0051534 0.0003796
0.0013804 483.6508037 0.0056088 0.0003979
0.0014125 485.1904461 0.0060735 0.0004159
0.0014454 486.7740663 0.0065474 0.0004339
0.0014791 488.4027073 0.0070307 0.0004517
0.0015136 490.0773225 0.0075237 0.0004694
0.0015488 491.7987758 0.0080264 0.0004870
0.0015849 493.5680804 0.0085390 0.0005047
0.0016218 495.3858918 0.0090616 0.0005223
0.0016596 497.2531037 0.0095944 0.0005399
0.0016982 499.1703420 0.0101375 0.0005575
0.0017378 501.1383217 0.0106911 0.0005751
0.0017783 503.1574897 0.0112554 0.0005928
0.0018197 505.2281440 0.0118305 0.0006105
0.0018621 507.3507613 0.0124165 0.0006283
0.0019055 509.5252820 0.0130137 0.0006461
0.0019498 511.7515869 0.0136221 0.0006641
0.0019953 514.0293185 0.0142420 0.0006820
0.0020417 516.3821343 0.0148734 0.0007001
0.0020893 518.7854829 0.0155166 0.0007183
0.0021380 521.2461577 0.0161717 0.0007365
0.0021878 523.7649333 0.0168389 0.0007549
0.0022387 526.3431804 0.0175183 0.0007734
0.0022909 528.9817927 0.0182101 0.0007919
0.0023442 531.6817237 0.0189144 0.0008106
0.0023988 534.4441058 0.0196314 0.0008294
0.0024547 537.2699518 0.0203614 0.0008483
0.0025119 540.1600960 0.0211043 0.0008673
0.0025704 543.1152536 0.0218605 0.0008864
0.0026303 546.1363780 0.0226300 0.0009057
0.0026915 549.2241843 0.0234131 0.0009250
0.0027542 552.3793280 0.0242098 0.0009445
0.0028184 555.6022262 0.0250205 0.0009642
0.0028840 558.8935344 0.0258451 0.0009839
0.0029512 562.2533718 0.0266840 0.0010038
0.0030200 565.6820363 0.0275372 0.0010238
0.0030903 569.1887049 0.0284050 0.0010439
0.0031623 572.7628301 0.0292875 0.0010641
0.0032359 576.4099538 0.0301849 0.0010845
0.0033113 580.1312678 0.0310973 0.0011050
0.0033884 583.9271297 0.0320249 0.0011256
0.0034674 587.7987312 0.0329679 0.0011464
0.0035481 591.7466682 0.0339265 0.0011673
0.0036308 595.7717751 0.0349009 0.0011883
0.0037154 599.8748265 0.0358912 0.0012094
0.0038019 604.0565375 0.0368975 0.0012307
0.0038905 608.3175636 0.0379201 0.0012520
0.0039811 612.6587390 0.0389592 0.0012735
0.0040738 617.0807789 0.0400149 0.0012952
0.0041687 621.5844580 0.0410874 0.0013169
0.0042658 626.1706104 0.0421769 0.0013388
0.0043652 630.8400109 0.0432836 0.0013607
0.0044668 635.5937917 0.0444076 0.0013828
0.0045709 640.4327274 0.0455491 0.0014050
0.0046774 645.3581887 0.0467084 0.0014274
0.0047863 650.3714866 0.0478856 0.0014498
0.0048978 655.4740512 0.0490808 0.0014723
0.0050119 660.6677298 0.0502944 0.0014950
0.0051286 665.9444181 0.0515264 0.0015178
0.0052481 671.3103732 0.0527770 0.0015407
0.0053703 676.7698259 0.0540465 0.0015636
0.0054954 682.3230146 0.0553351 0.0015867
0.0056234 687.9702373 0.0566429 0.0016099
0.0057544 693.7114940 0.0579701 0.0016332
0.0058884 699.5474401 0.0593170 0.0016566
0.0060256 705.4784929 0.0606837 0.0016801
0.0061660 711.5054269 0.0620704 0.0017037
0.0063096 717.6288381 0.0634774 0.0017274
0.0064565 723.8501567 0.0649048 0.0017512
0.0066069 730.1708128 0.0663528 0.0017750
0.0067608 736.5929517 0.0678217 0.0017990
0.0069183 743.1191954 0.0693117 0.0018230
0.0070795 749.7522254 0.0708229 0.0018472
0.0072444 756.4764887 0.0723556 0.0018714
0.0074131 763.3085514 0.0739101 0.0018957
0.0075858 770.2479367 0.0754864 0.0019201
0.0077625 777.2945255 0.0770849 0.0019446
0.0079433 784.4485562 0.0787058 0.0019691
0.0081283 791.7098500 0.0803492 0.0019938
0.0083176 799.0795987 0.0820155 0.0020185
0.0085114 806.5583982 0.0837048 0.0020433
0.0087096 814.1480958 0.0854173 0.0020681
0.0089125 821.8510751 0.0871534 0.0020930
0.0091201 829.6706137 0.0889132 0.0021180
0.0093325 837.6037915 0.0906970 0.0021431
0.0095499 845.6484038 0.0925051 0.0021682
0.0097724 853.8124952 0.0943376 0.0021934
0.0100000 862.0952911 0.0961948 0.0022187
0.0102329 870.4971490 0.0980769 0.0022440
0.0104713 879.0181286 0.0999843 0.0022694
0.0107152 887.6595407 0.1019171 0.0022948
0.0109648 896.4229944 0.1038757 0.0023203
0.0112202 905.3114096 0.1058603 0.0023459
0.0114815 914.3287789 0.1078711 0.0023716
0.0117490 922.5864871 0.1099106 0.0023973
0.0120226 932.5222668 0.1119760 0.0024231
0.0123027 942.8722011 0.1140666 0.0024488
0.0125893 953.4861814 0.1161822 0.0024745
0.0128825 964.1745904 0.1183230 0.0025002
0.0131826 975.1665539 0.1204892 0.0025258
0.0134896 986.3322836 0.1226808 0.0025514
0.0138038 997.7119436 0.1248980 0.0025770
0.0141254 1009.3103606 0.1271409 0.0026024
0.0144544 1021.1320637 0.1294095 0.0026279
0.0147911 1033.1755630 0.1317040 0.0026532
0.0151356 1045.4558753 0.1340245 0.0026785
0.0154882 1057.9759802 0.1363711 0.0027038
0.0158489 1070.7389765 0.1387438 0.0027289
0.0162181 1083.7490353 0.1411426 0.0027540
0.0165959 1097.0121159 0.1435678 0.0027790
0.0169824 1110.5348923 0.1460194 0.0028039
0.0173780 1124.3257073 0.1484975 0.0028287
0.0177828 1138.3955254 0.1510020 0.0028534
0.0181970 1152.7283765 0.1535331 0.0028780
0.0186209 1167.3542942 0.1560908 0.0029025
0.0190546 1182.2729209 0.1586752 0.0029268
0.0194984 1197.4885472 0.1612863 0.0029511
0.0199526 1213.0071321 0.1639242 0.0029753
0.0204174 1228.8364224 0.1665888 0.0029993
0.0208930 1244.9858334 0.1692803 0.0030232
0.0213796 1261.4621585 0.1719986 0.0030469
0.0218776 1278.2718334 0.1747438 0.0030705
0.0223872 1295.4243927 0.1775159 0.0030940
0.0229087 1312.9259145 0.1803148 0.0031173
0.0234423 1330.7829538 0.1831406 0.0031405
0.0239883 1349.0049261 0.1859933 0.0031636
0.0245471 1367.6035109 0.1888729 0.0031864
0.0251189 1384.4568061 0.1917797 0.0032091
0.0257040 1398.4098267 0.1947230 0.0032319
0.0263027 1411.8842155 0.1977055 0.0032547
0.0269153 1425.2341792 0.2007288 0.0032777
0.0275423 1438.9056938 0.2037934 0.0033009
0.0281838 1452.9219996 0.2068991 0.0033241
0.0288403 1467.0709541 0.2100467 0.0033475
0.0295121 1481.4355073 0.2132364 0.0033709
0.0301995 1496.0166129 0.2164686 0.0033945
0.0309030 1510.8085500 0.2197439 0.0034182
0.0316228 1525.8209723 0.2230626 0.0034420
0.0323594 1541.0528072 0.2264251 0.0034659
0.0331131 1556.5034588 0.2298317 0.0034898
0.0338844 1572.1695901 0.2332831 0.0035139
0.0346737 1588.0502475 0.2367796 0.0035380
0.0354813 1604.1578259 0.2403218 0.0035622
0.0363078 1620.4895842 0.2439099 0.0035865
0.0371535 1637.0417085 0.2475446 0.0036109
0.0380189 1653.8124112 0.2512262 0.0036353
0.0389045 1670.8000236 0.2549554 0.0036598
0.0398107 1688.0035924 0.2587326 0.0036844
0.0407380 1705.4246669 0.2625583 0.0037090
0.0416869 1723.0662267 0.2664332 0.0037337
0.0426580 1740.9339923 0.2703576 0.0037585
0.0436516 1758.9962617 0.2743322 0.0037833
0.0446684 1777.2763944 0.2783575 0.0038082
0.0457088 1795.7684312 0.2824343 0.0038331
0.0467735 1814.4660556 0.2865631 0.0038581
0.0478630 1833.3645003 0.2907444 0.0038831
0.0489779 1852.4599516 0.2949791 0.0039082
0.0501187 1871.7506217 0.2992677 0.0039333
0.0512861 1891.2362723 0.3036110 0.0039585
0.0524807 1910.9118976 0.3080096 0.0039837
0.0537032 1930.7517547 0.3124645 0.0040090
0.0549541 1950.7758660 0.3169763 0.0040343
0.0562341 1970.9736242 0.3215458 0.0040597
0.0575440 1991.3338265 0.3261739 0.0040851
0.0588844 2011.8459847 0.3308615 0.0041106
0.0602560 2032.5017564 0.3356094 0.0041361
0.0616595 2053.2945864 0.3404186 0.0041617
0.0630957 2074.2213761 0.3452902 0.0041873
0.0645654 2095.2816487 0.3502249 0.0042130
0.0660693 2116.4282086 0.3552240 0.0042387
0.0676083 2137.6848918 0.3602885 0.0042645
0.0691831 2159.0342981 0.3654197 0.0042904
0.0707946 2180.4595036 0.3706186 0.0043163
0.0724436 2201.9457299 0.3758864 0.0043424
0.0741310 2223.4801054 0.3812246 0.0043684
0.0758578 2245.0523805 0.3866345 0.0043946
0.0776247 2266.6565962 0.3921173 0.0044209
0.0794328 2288.2472252 0.3976747 0.0044472
0.0812831 2309.8349938 0.4033081 0.0044737
0.0831764 2331.4027401 0.4090192 0.0045002
0.0851138 2352.9261509 0.4148094 0.0045269
0.0870964 2374.3837737 0.4206807 0.0045537
0.0891251 2395.7555860 0.4266348 0.0045806
0.0912011 2417.0251408 0.4326736 0.0046076
0.0933254 2438.1795666 0.4387991 0.0046348
0.0954993 2459.1924052 0.4450133 0.0046621
0.0977237 2480.0321926 0.4513184 0.0046896
0.1000000 2500.6944000 0.4577165 0.0047172
0.1023293 2521.1482787 0.4642100 0.0047451
0.1047129 2541.3671320 0.4708014 0.0047731
0.1071519 2561.3261703 0.4774933 0.0048014
0.1096478 2581.0039409 0.4842882 0.0048298
0.1122018 2600.3856655 0.4911890 0.0048585
0.1148154 2619.4289154 0.4981985 0.0048875
0.1174898 2638.1117613 0.5053198 0.0049167
0.1202264 2656.4199015 0.5125562 0.0049462
0.1230269 2674.3204420 0.5199106 0.0049759
0.1258925 2691.7816806 0.5273870 0.0050060
0.1288250 2708.7776358 0.5349885 0.0050365
0.1318257 2725.2863781 0.5427192 0.0050672
0.1348963 2741.2914607 0.5505829 0.0050984
0.1380384 2756.7444960 0.5585838 0.0051299
0.1412538 2771.6345192 0.5667260 0.0051619
0.1445440 2785.9362640 0.5750142 0.0051943
0.1479108 2799.6189816 0.5834528 0.0052272
0.1513561 2812.6552603 0.5920470 0.0052606
0.1548817 2825.0243626 0.6008017 0.0052944
0.1584893 2836.7107950 0.6097222 0.0053289
0.1621810 2847.6623561 0.6188142 0.0053639
0.1659587 2857.8902489 0.6280834 0.0053996
0.1698244 2867.3708755 0.6375359 0.0054359
0.1737801 2876.0749174 0.6471780 0.0054728
0.1778279 2883.9785383 0.6570162 0.0055105
0.1819701 2891.0657679 0.6670574 0.0055490
0.1862087 2897.3249265 0.6773087 0.0055883
0.1905461 2902.7529154 0.6877778 0.0056284
0.1949845 2907.3170789 0.6984723 0.0056695
0.1995262 2911.0155101 0.7094004 0.0057114
0.2041738 2913.8410581 0.7205704 0.0057544
0.2089296 2915.7806131 0.7319914 0.0057984
0.2137962 2916.8263090 0.7436725 0.0058436
0.2187762 2916.9788609 0.7556229 0.0058899
0.2238721 2916.0911993 0.7678532 0.0059374
0.2290868 2914.6457696 0.7803736 0.0059863
0.2344229 2912.1284242 0.7931944 0.0060365
0.2398833 2908.6166307 0.8063273 0.0060881
0.2454709 2904.2045425 0.8197845 0.0061412
0.2511886 2899.0070500 0.8335781 0.0061960
0.2570396 2893.1581132 0.8477201 0.0062524
0.2630268 2886.8131441 0.8622219 0.0063106
0.2691535 2880.1509146 0.8770951 0.0063705
0.2754229 2876.1690705 0.8923419 0.0064322
0.2818383 2870.4150019 0.9079710 0.0064957
0.2884032 2863.6700607 0.9239989 0.0065611
0.2951209 2855.9487870 0.9404419 0.0066284
0.3019952 2847.2738254 0.9573159 0.0066979
0.3090295 2837.6768779 0.9746389 0.0067696
0.3162278 2827.1970360 0.9924280 0.0068436
0.3235937 2815.8438343 1.0107020 0.0069201
0.3311311 2803.6611314 1.0294801 0.0069992
0.3388442 2790.6808678 1.0487817 0.0070810
0.3467369 2776.9316471 1.0686281 0.0071657
0.3548134 2762.4477934 1.0890402 0.0072535
0.3630781 2747.2710202 1.1100401 0.0073443
0.3715352 2731.4478081 1.1316516 0.0074385
0.3801894 2715.0727871 1.1538961 0.0075362
0.3890451 2697.6856792 1.1768010 0.0076375
0.3981072 2679.4264033 1.2003950 0.0077427
0.4073803 2660.4506099 1.2247070 0.0078520
0.4168694 2640.9270598 1.2497661 0.0079656
0.4265795 2621.0805285 1.2756010 0.0080836
0.4365158 2600.8626287 1.3022404 0.0082064
0.4466836 2580.3231779 1.3297147 0.0083340
0.4570882 2559.4934017 1.3580557 0.0084666
0.4677351 2538.4076243 1.3872951 0.0086046
0.4786301 2517.0851530 1.4174664 0.0087480
0.4897788 2495.5700848 1.4486044 0.0088972
0.5011872 2473.8802971 1.4807449 0.0090522
0.5128614 2452.0432013 1.5139251 0.0092135
0.5248075 2430.0869243 1.5481818 0.0093811
0.5370318 2408.0245761 1.5835564 0.0095553
0.5495409 2385.8909575 1.6200882 0.0097364
0.5623413 2363.7032307 1.6578200 0.0099246
0.5754399 2341.4778425 1.6967950 0.0101201
0.5888437 2319.2326703 1.7370586 0.0103232
0.6025596 2296.9865447 1.7786572 0.0105342
0.6165950 2274.7582962 1.8216391 0.0107533
0.6309573 2252.5526922 1.8660535 0.0109808
0.6456542 2230.3902317 1.9119525 0.0112169
0.6606934 2208.2802110 1.9593891 0.0114620
0.6760830 2186.2309727 2.0084184 0.0117163
0.6918310 2164.2527664 2.0590974 0.0119801
0.7079458 2142.3532197 2.1114855 0.0122537
0.7244360 2120.5449658 2.1656436 0.0125374
0.7413102 2098.8199004 2.2216346 0.0128315
0.7585776 2077.1916101 2.2795251 0.0131364
0.7762471 2055.6629553 2.3393828 0.0134523
0.7943282 2034.2377498 2.4012771 0.0137797
0.8128305 2012.9190923 2.4652829 0.0141187
0.8317638 1991.7018580 2.5314750 0.0144699
0.8511380 1970.5931978 2.5999327 0.0148336
0.8709636 1949.5902513 2.6707375 0.0152101
0.8912509 1928.6949255 2.7439740 0.0155998
0.9120108 1907.9715781 2.8197303 0.0160032
0.9332543 1885.8896841 2.8981254 0.0164211
0.9549926 1864.0697505 2.9792864 0.0168545
0.9772372 1842.4985480 3.0633100 0.0173037
1.0000000 1821.1617750 3.1502970 0.0177691
1.0232930 1800.0423884 3.2403545 0.0182513
1.0471285 1779.1331184 3.3335920 0.0187507
1.0715193 1758.4209740 3.4301226 0.0192678
1.0964782 1737.8966593 3.5300678 0.0198030
1.1220185 1717.5446805 3.6335506 0.0203570
1.1481536 1697.3571719 3.7407013 0.0209303
1.1748976 1677.3247179 3.8516546 0.0215235
1.2022644 1657.4382610 3.9665504 0.0221373
1.2302688 1637.6874323 4.0855370 0.0227723
1.2589254 1618.0649617 4.2087689 0.0234291
1.2882496 1598.5642943 4.3364036 0.0241086
1.3182567 1579.1787560 4.4686098 0.0248115
1.3489629 1559.9022685 4.6055618 0.0255386
1.3803843 1540.7295878 4.7474418 0.0262908
1.4125375 1521.6538014 4.8944407 0.0270690
1.4454398 1502.6710955 5.0467564 0.0278740
1.4791084 1483.7782523 5.2045954 0.0287070
1.5135612 1464.9722922 5.3681771 0.0295689
1.5488166 1446.2510699 5.5377251 0.0304609
1.5848932 1427.6107716 5.7134813 0.0313841
1.6218101 1409.0494905 5.8956867 0.0323396
1.6595869 1390.5672266 6.0846062 0.0333288
1.6982437 1372.2011643 6.2805041 0.0343531
1.7378008 1353.9395047 6.4836579 0.0354136
1.7782794 1335.7700914 6.6943599 0.0365118
1.8197009 1317.6762390 6.9129155 0.0376492
1.8620871 1299.6488897 7.1396493 0.0388275
1.9054607 1281.6942409 7.3748986 0.0400483
1.9498446 1263.8164641 7.6190170 0.0413135
1.9952623 1246.0187769 7.8723709 0.0426249
2.0417379 1228.3049934 8.1353491 0.0439845
2.0892961 1210.6784505 8.4083509 0.0453943
2.1379621 1193.1433196 8.6917998 0.0468565
2.1877616 1175.7048446 8.9861325 0.0483732
2.2387211 1158.3656476 9.2918088 0.0499469
2.2908677 1141.1302574 9.6093103 0.0515800
2.3442288 1124.0034413 9.9391357 0.0532751
2.3988329 1106.9890131 10.2818102 0.0550348
2.4547089 1090.0910249 10.6378784 0.0568618
2.5118864 1073.3148399 11.0079103 0.0587593
2.5703958 1056.6642719 11.3925044 0.0607301
2.6302680 1040.1434922 11.7922862 0.0627774
2.6915348 1023.7569106 12.2079008 0.0649047
2.7542287 1007.5082216 12.6400297 0.0671153
2.8183829 991.4015370 13.0893868 0.0694129
2.8840315 975.4406111 13.5567037 0.0718013
2.9512092 959.6294959 14.0427583 0.0742844
3.0199517 943.9715882 14.5483583 0.0768664
3.0902954 928.4704633 15.0743424 0.0795515
3.1622777 913.1296968 15.6215993 0.0823443
3.2359366 897.9514934 16.1910352 0.0852494
3.3113112 882.9391307 16.7836161 0.0882717
3.3884416 868.0957669 17.4003384 0.0914161
3.4673685 853.4236069 18.0422509 0.0946880
3.5481339 838.9249152 18.7104310 0.0980927
3.6307805 824.6017178 19.4060244 0.1016360
3.7153523 810.4557428 20.1302172 0.1053237
3.8018940 796.4892548 20.8842446 0.1091618
3.8904514 782.7033858 21.6693914 0.1131568
3.9810717 769.0992682 22.4870129 0.1173150
4.0738028 755.6778554 23.3385082 0.1216434
4.1686938 742.4404584 24.2253409 0.1261491
4.2657952 729.3871964 25.1490396 0.1308394
4.3651583 716.5187248 26.1112031 0.1357221
4.4668359 703.8349840 27.1134893 0.1408053
4.5708819 691.3362125 28.1576381 0.1460973
4.6773514 679.0222911 29.2454538 0.1516068
4.7863009 666.8933389 30.3788304 0.1573430
4.8977882 654.9482237 31.5597189 0.1633153
5.0118723 643.1865880 32.7901922 0.1695338
5.1286138 631.6076570 34.0723764 0.1760085
5.2480746 620.2104178 35.4085081 0.1827502
5.3703180 608.9936190 36.8009209 0.1897701
5.4954087 597.9562474 38.2520322 0.1970796
5.6234133 587.0968730 39.7643811 0.2046908
5.7543994 576.4142444 41.3406325 0.2126160
5.8884366 565.9067525 42.9834969 0.2208684
6.0255959 555.5726096 44.6958752 0.2294614
6.1659500 545.4102069 46.4807672 0.2384091
6.3095734 535.4177566 48.3412983 0.2477263
6.4565423 525.5934114 50.2807197 0.2574280
6.6069345 515.9352644 52.3024461 0.2675305
6.7608298 506.4409915 54.4100179 0.2780502
6.9183097 497.1089839 56.6071278 0.2890046
7.0794578 487.9369174 58.8976626 0.3004117
7.2443596 478.9227660 61.2856349 0.3122904
7.4131024 470.0644739 63.7752588 0.3246601
7.5857758 461.3599850 66.3709085 0.3375409
7.7624712 452.8067074 69.0771598 0.3509538
7.9432823 444.4024956 71.8987828 0.3649203
8.1283052 436.1452045 74.8407797 0.3794631
8.3176377 428.0328675 77.9083203 0.3946051
8.5113804 420.0629819 81.1068333 0.4103711
8.7096359 412.2335811 84.4419832 0.4267866
8.9125094 404.5423709 87.9196785 0.4438785
9.1201084 396.9870869 91.5460785 0.4616755
9.3325430 389.5640046 95.3275866 0.4802072
9.5499259 382.2748522 99.2709638 0.4995053
9.7723722 375.1198681 103.3831461 0.5196028
10.0000000 368.0728323 107.6714887 0.5405338
10.2329299 361.1075847 112.1440315 0.5623396
10.4712855 354.2711123 116.8090812 0.5850626
10.7151931 347.5554599 121.6749978 0.6087413
10.9647820 340.9637857 126.7505220 0.6334153
11.2201845 334.4940041 132.0446835 0.6591261
11.4815362 328.1451318 137.5669465 0.6859158
11.7489755 321.9134743 143.3272468 0.7138288
12.0226443 315.7981376 149.3358022 0.7429102
12.3026877 309.7971851 155.6034242 0.7732069
12.5892541 303.9090376 162.1412747 0.8047672
12.8824955 298.1318776 168.9610637 0.8376421
13.1825674 292.4639173 176.0749122 0.8718852
13.4896288 286.9035181 183.4955658 0.9075536
13.8038426 281.4491008 191.2362268 0.9447080
14.1253754 276.0987883 199.3107066 0.9834124
14.4543977 270.8510312 207.7333648 1.0237334
14.7910839 265.7040418 216.5191852 1.0657391
15.1356125 260.6559133 225.6837458 1.1094988
15.4881662 255.7049174 235.2434010 1.1550830
15.8489319 250.8498624 245.2151446 1.2025635
16.2181010 246.0874707 255.6165950 1.2520136
16.5958691 241.4186513 266.4662384 1.3035108
16.9824365 236.8419589 277.7832769 1.3571367
17.3780083 232.3558442 289.5875367 1.4129762
17.7827941 227.9588919 301.8999710 1.4711197
18.1970086 223.6495825 314.7419897 1.5316596
18.6208714 219.4265008 328.1362210 1.5946932
19.0546072 215.2881568 342.1061153 1.6603206
19.4984460 211.2308859 356.6760063 1.7286454
19.9526231 207.2550009 371.8715068 1.7997754
20.4173794 203.3599505 387.7189910 1.8738208
20.8929613 199.5454368 404.2460511 1.9508954
21.3796209 195.8111916 421.4809191 2.0311157
21.8776162 192.1570213 439.4531670 2.1145998
22.3872114 188.5807807 458.1930366 2.2014705
22.9086765 185.0812480 477.7327496 2.2918556
23.4422882 181.6540583 498.1051366 2.3858866
23.9883292 178.2984072 519.3449773 2.4837013
24.5470892 175.0135646 541.4880565 2.5854435
25.1188643 171.7988154 564.5714686 2.6912607
25.7039578 168.6539809 588.6339525 2.8013040
26.3026799 165.5796272 613.7149781 2.9157275
26.9153480 162.5743688 639.8557208 3.0346886
27.5422870 159.6370139 667.0986959 3.1583404
28.1838293 156.7662812 695.4880024 3.2868318
28.8403150 153.9586849 725.0693840 3.4203107
29.5120923 151.2245041 755.8894370 3.5589320
30.1995172 148.5101819 787.9992652 3.7028788
30.9029543 145.7793829 821.4661744 3.8525876
31.6227766 143.0983272 856.3544250 4.0083995
32.3593657 140.4683704 892.7241962 4.1705762
33.1131121 137.8877695 930.6376776 4.3393682
33.8844156 135.3565246 970.1599213 4.5150152
34.6736850 132.8734288 1011.3589641 4.6977650
35.4813389 130.4373650 1054.3052791 4.8878919
36.3078055 128.0481244 1099.0721415 5.0857102
37.1535229 125.7040387 1145.7366027 5.2915689
38.0189396 123.4050109 1194.3778461 5.5058155
38.9045145 121.1499162 1245.0788315 5.7287812
39.8107171 118.9379652 1297.9261733 5.9607848
40.7380278 116.7683830 1353.0098969 6.2021446
41.6869383 114.6403802 1410.4234387 6.4532139
42.6579519 112.5531747 1470.2641333 6.7143842
43.6515832 110.5059767 1532.6339445 6.9860696
44.6683592 108.4976319 1597.6378816 7.2686943
45.7088190 106.5315516 1665.3860704 7.5626923
46.7735141 104.6009278 1735.9913168 7.8685040
47.8630092 102.7056189 1809.5748322 8.1866076
48.9778819 100.8454610 1886.2613609 8.5175069
50.1187234 99.0202753 1966.1813726 8.8617390
51.2861384 97.2299129 2049.4693573 9.2198375
52.4807460 95.4756549 2136.2657741 9.5923348
53.7031796 93.7590731 2226.7124221 9.9797624
54.9540874 92.0767186 2320.9586533 10.3826917
56.2341325 90.4272284 2419.1606416 10.8017448
57.5439937 88.8092168 2521.4821140 11.2375740
58.8843655 87.2213135 2628.0936191 11.6908135
60.2559586 85.6621105 2739.1742333 12.1620842
61.6595002 84.1303117 2854.9115600 12.6520276
63.0957344 82.6321592 2975.4966141 13.1613896
64.5654229 81.1649790 3101.1252829 13.6910260
66.0693448 79.7283612 3231.9993014 14.2417877
67.6082975 78.3206003 3368.3325863 14.8144177
69.1830971 76.9400424 3510.3466075 15.4095799
70.7945784 75.5850042 3658.2742858 16.0280987
72.4435960 74.2535267 3812.3599934 16.6710419
74.1310241 72.9476061 3972.8632080 17.3395970
75.8577575 71.6708253 4140.0370727 18.0347686
77.6247117 70.4209124 4314.1469127 18.7573309
79.4328235 69.1955582 4495.4714535 19.5081036
81.2830516 67.9924984 4684.3025770 20.2881561
83.1763771 66.8104220 4880.9521440 21.0987534
85.1138038 65.6547963 5085.7325023 21.9411009
87.0963590 64.5236400 5298.9657455 22.8163055
89.1250938 63.4153070 5520.9832255 23.7255183
91.2010839 62.3280801 5752.1396837 24.6700696
93.3254301 61.2603096 5992.8035056 25.6514211
95.4992586 60.2145914 6243.3640297 26.6709587
97.7237221 59.1932047 6504.1935395 27.7299895
100.0000000 58.1912856 6775.6984285 28.8299073
102.3292992 57.2080145 7058.3084796 29.9723149
104.7128548 56.2426058 7352.4680942 31.1589249
107.1519305 55.2995398 7658.6314192 32.3914060
109.6478196 54.3768687 7977.2535764 33.6713437
112.2018454 53.4720450 8308.8218480 35.0002714
114.8153621 52.5831096 8653.8508040 36.3796935
117.4897555 51.7122078 9012.8784039 37.8113585
120.2264435 50.8615706 9386.4328618 39.2974588
123.0268771 50.0290973 9775.0657810 40.8402687
125.8925412 49.2121250 10179.3570276 42.4416971
128.8249552 48.4095588 10599.9312972 44.1034648
131.8256739 47.6231677 11037.4210822 45.8275960
134.8962883 46.8535178 11492.4773918 47.6164417
138.0384265 46.1014211 11965.7561077 49.4722625
141.2537545 45.3666838 12457.9355269 51.3971988
144.5439771 44.6456301 12969.7153865 53.3935907
147.9108388 43.9374665 13501.8685164 55.4642411
151.3561248 43.2442788 14055.1706697 57.6119065
154.8816619 42.5681564 14630.4014980 59.8390664
158.4893192 41.9057137 15228.3523477 62.1482246
162.1810097 41.2550402 15849.8896067 64.5424400
165.9586907 40.6173463 16495.9147469 67.0249869
169.8243652 39.9948963 17167.3272915 69.5986964
173.7800829 39.3867221 17865.0257888 72.2663261
177.8279410 38.7898701 18589.9711594 75.0313114
181.9700859 38.2040758 19343.2061874 77.8974636
186.2087137 37.6301624 20125.7678092 80.8676743
190.5460718 37.0690014 20938.7299950 83.9442055
194.9844600 36.5214569 21783.1686639 87.1305238
199.5262315 35.9866052 22660.1675316 90.4313738
204.1737945 35.4615300 23570.9038719 93.8508352
208.9296131 34.9465778 24516.6212292 97.3918459
213.7962090 34.4431899 25498.5728932 101.0575833
218.7761624 33.9528449 26518.0024084 104.8518535
223.8721139 33.4720828 27576.1884032 108.7786944
229.0867653 33.0003450 28674.5342506 112.8423855
234.4228815 32.5381268 29814.4901023 117.0485109
239.8832919 32.0862810 30997.4944156 121.4039860
245.4708916 31.6455638 32225.0187828 125.9132087
251.1886432 31.2155785 33498.5211524 130.5766597
257.0395783 30.7944573 34819.5705731 135.3968012
263.0267992 30.3809637 36189.8316011 140.3811126
269.1534804 29.9771479 37611.0038767 145.5371609
275.4228703 29.5837811 39084.7558543 150.8694292
281.8382931 29.1991926 40612.7637849 156.3824377
288.4031503 28.8216545 42196.9144252 162.0828650
295.1209227 28.4520605 43839.1062269 167.9766073
301.9951720 28.0909582 45541.2766239 174.0670055
309.0295433 27.7388020 47305.3396611 180.3582048
316.2277660 27.3957240 49133.2678568 186.8581566
323.5936569 27.0605008 51027.0454243 193.5748381
331.1311215 26.7318139 52988.8631845 200.5133248
338.8441561 26.4099948 55020.9470427 207.6776890
346.7368505 26.0956116 57125.5657849 215.0737943
354.8133892 25.7892712 59304.9959937 222.7091652
363.0780548 25.4913014 61561.4323883 230.5931174
371.5352291 25.1999406 63897.2684991 238.7345711
380.1893963 24.9147772 66315.0264988 247.1395455
389.0451450 24.6357964 68817.2480517 255.8126955
398.1071706 24.3649347 71406.5488886 264.7608538
407.3802778 24.1007584 74085.3537260 273.9916292
416.8693835 23.8421222 76856.4303271 283.5106858
426.5795188 23.5892364 79722.6634025 293.3228311
436.5158322 23.3423339 82686.8752910 303.4369108
446.6835922 23.1016493 85751.9974826 313.8656143
457.0881896 22.8678586 88920.8912984 324.6201671
467.7351413 22.6403864 92196.4336528 335.7087433
478.6300923 22.4182382 95581.7197625 347.1374790
489.7788194 22.2012837 99079.9539955 358.9110123
