#E[MeV/u] dE/dx[MeVcm2/mg] range[mg/cm2] rangestragg.[mg/cm2]
0.0010000 2235.2439918 0.0000000 0.0000000
0.0010233 2236.2490648 0.0000729 0.0000107
0.0010471 2237.4212526 0.0001475 0.0000153
0.0010715 2238.7674688 0.0002238 0.0000190
0.0010965 2240.2941499 0.0003018 0.0000222
0.0011220 2242.0084478 0.0003816 0.0000251
0.0011482 2243.9175144 0.0004632 0.0000278
0.0011749 2246.0280246 0.0005465 0.0000303
0.0012023 2248.3473689 0.0006318 0.0000328
0.0012303 2250.8822221 0.0007189 0.0000352
0.0012589 2253.6383059 0.0008080 0.0000375
0.0012882 2256.6234871 0.0008990 0.0000398
0.0013183 2259.8432490 0.0009920 0.0000421
0.0013490 2263.3037898 0.0010871 0.0000443
0.0013804 2267.0103541 0.0011842 0.0000465
0.0014125 2270.9684251 0.0012834 0.0000487
0.0014454 2275.1822938 0.0013847 0.0000509
0.0014791 2279.6557746 0.0014882 0.0000531
0.0015136 2284.3917282 0.0015939 0.0000553
0.0015488 2289.3923001 0.0017018 0.0000574
0.0015849 2294.6582057 0.0018120 0.0000596
0.0016218 2300.1884912 0.0019245 0.0000618
0.0016596 2305.9817263 0.0020393 0.0000640
0.0016982 2312.0340967 0.0021565 0.0000662
0.0017378 2318.3386889 0.0022761 0.0000684
0.0017783 2324.8881127 0.0023981 0.0000706
0.0018197 2331.6704484 0.0025227 0.0000729
0.0018621 2338.8599626 0.0026497 0.0000751
0.0019055 2346.3372194 0.0027793 0.0000774
0.0019498 2354.0898224 0.0029115 0.0000797
0.0019953 2362.1251618 0.0030463 0.0000820
0.0020417 2370.4501510 0.0031838 0.0000843
0.0020893 2379.0700348 0.0033240 0.0000866
0.0021380 2387.9922033 0.0034669 0.0000890
0.0021878 2397.2219013 0.0036126 0.0000914
0.0022387 2406.7638966 0.0037611 0.0000937
0.0022909 2416.6224804 0.0039125 0.0000962
0.0023442 2426.8017053 0.0040667 0.0000986
0.0023988 2437.3034786 0.0042239 0.0001010
0.0024547 2448.1289922 0.0043840 0.0001035
0.0025119 2459.2777694 0.0045471 0.0001060
0.0025704 2470.7486180 0.0047133 0.0001085
0.0026303 2482.5370088 0.0048825 0.0001111
0.0026915 2494.6374584 0.0050549 0.0001136
0.0027542 2507.0354250 0.0052303 0.0001162
0.0028184 2519.9192404 0.0054090 0.0001188
0.0028840 2533.1220282 0.0055909 0.0001214
0.0029512 2546.6507019 0.0057760 0.0001241
0.0030200 2560.5107445 0.0059645 0.0001268
0.0030903 2574.7090695 0.0061563 0.0001295
0.0031623 2589.2525904 0.0063514 0.0001322
0.0032359 2604.1470286 0.0065500 0.0001349
0.0033113 2619.3978672 0.0067520 0.0001377
0.0033884 2635.0117813 0.0069575 0.0001405
0.0034674 2650.9935388 0.0071665 0.0001433
0.0035481 2667.3483843 0.0073791 0.0001461
0.0036308 2684.0815626 0.0075954 0.0001490
0.0037154 2701.1971263 0.0078152 0.0001518
0.0038019 2718.6981747 0.0080388 0.0001547
0.0038905 2736.5882835 0.0082660 0.0001577
0.0039811 2754.8695985 0.0084971 0.0001606
0.0040738 2773.5437882 0.0087319 0.0001636
0.0041687 2792.6110912 0.0089706 0.0001666
0.0042658 2812.0715075 0.0092131 0.0001696
0.0043652 2831.9224146 0.0094596 0.0001726
0.0044668 2852.1616670 0.0097100 0.0001757
0.0045709 2872.7833050 0.0099645 0.0001787
0.0046774 2893.7818453 0.0102229 0.0001818
0.0047863 2915.1482289 0.0104855 0.0001850
0.0048978 2937.1373002 0.0107522 0.0001881
0.0050119 2959.4231731 0.0110231 0.0001913
0.0051286 2982.1324353 0.0112982 0.0001944
0.0052481 3005.2677094 0.0115775 0.0001976
0.0053703 3028.8313791 0.0118611 0.0002009
0.0054954 3052.8258284 0.0121491 0.0002041
0.0056234 3077.2548717 0.0124414 0.0002074
0.0057544 3102.1211313 0.0127382 0.0002107
0.0058884 3127.4260375 0.0130394 0.0002140
0.0060256 3153.1736432 0.0133451 0.0002173
0.0061660 3179.3682393 0.0136554 0.0002207
0.0063096 3206.0143554 0.0139703 0.0002240
0.0064565 3233.1167594 0.0142899 0.0002274
0.0066069 3260.6821263 0.0146141 0.0002308
0.0067608 3288.7195152 0.0149431 0.0002342
0.0069183 3317.9493555 0.0152768 0.0002377
0.0070795 3344.6922600 0.0156154 0.0002411
0.0072444 3372.8426481 0.0159591 0.0002446
0.0074131 3402.2400800 0.0163078 0.0002481
0.0075858 3432.6785826 0.0166615 0.0002517
0.0077625 3463.8980670 0.0170202 0.0002552
0.0079433 3495.5705017 0.0173839 0.0002588
0.0081283 3527.2960985 0.0177527 0.0002624
0.0083176 3559.7261523 0.0181268 0.0002660
0.0085114 3592.6582659 0.0185060 0.0002696
0.0087096 3626.0979222 0.0188905 0.0002732
0.0089125 3660.0472669 0.0192803 0.0002769
0.0091201 3694.5093990 0.0196755 0.0002806
0.0093325 3729.4888482 0.0200761 0.0002842
0.0095499 3764.9941965 0.0204822 0.0002880
0.0097724 3801.0230602 0.0208938 0.0002917
0.0100000 3837.5906963 0.0213110 0.0002954
0.0102329 3874.6994889 0.0217338 0.0002992
0.0104713 3912.3491997 0.0221623 0.0003030
0.0107152 3950.5429276 0.0225966 0.0003067
0.0109648 3989.2894934 0.0230367 0.0003106
0.0112202 4028.5967640 0.0234827 0.0003144
0.0114815 4070.5185118 0.0239346 0.0003182
0.0117490 4111.2459011 0.0243922 0.0003221
0.0120226 4143.7648762 0.0248562 0.0003260
0.0123027 4171.0982849 0.0253277 0.0003299
0.0125893 4197.0580620 0.0258071 0.0003338
0.0128825 4226.2890943 0.0262946 0.0003379
0.0131826 4255.0781424 0.0267898 0.0003420
0.0134896 4284.3954736 0.0272933 0.0003461
0.0138038 4314.2511006 0.0278048 0.0003504
0.0141254 4344.6536056 0.0283247 0.0003546
0.0144544 4375.6125243 0.0288529 0.0003589
0.0147911 4407.1392997 0.0293896 0.0003633
0.0151356 4439.2463284 0.0299349 0.0003678
0.0154882 4471.9483908 0.0304888 0.0003722
0.0158489 4505.2435798 0.0310514 0.0003768
0.0162181 4539.1590724 0.0316228 0.0003814
0.0165959 4573.7048812 0.0322032 0.0003860
0.0169824 4608.8943563 0.0327925 0.0003907
0.0173780 4644.7384638 0.0333910 0.0003955
0.0177828 4681.2524611 0.0339987 0.0004003
0.0181970 4718.4311035 0.0346156 0.0004051
0.0186209 4756.3049054 0.0352419 0.0004100
0.0190546 4794.8948457 0.0358777 0.0004149
0.0194984 4834.2128442 0.0365230 0.0004199
0.0199526 4874.2684365 0.0371779 0.0004250
0.0204174 4915.0735424 0.0378426 0.0004301
0.0208930 4956.6434193 0.0385171 0.0004352
0.0213796 4998.9928476 0.0392014 0.0004404
0.0218776 5042.1413757 0.0398958 0.0004456
0.0223872 5086.1109360 0.0406002 0.0004508
0.0229087 5130.9267982 0.0413147 0.0004561
0.0234423 5174.6083773 0.0420393 0.0004614
0.0239883 5218.6170343 0.0427749 0.0004667
0.0245471 5270.0974651 0.0435208 0.0004721
0.0251189 5328.2767933 0.0442761 0.0004774
0.0257040 5392.1289671 0.0450403 0.0004827
0.0263027 5460.3046714 0.0458127 0.0004880
0.0269153 5531.0388300 0.0465930 0.0004932
0.0275423 5602.0705055 0.0473814 0.0004984
0.0281838 5674.5516221 0.0481779 0.0005036
0.0288403 5748.0225545 0.0489826 0.0005087
0.0295121 5822.5386102 0.0497954 0.0005137
0.0301995 5898.0850088 0.0506165 0.0005188
0.0309030 5974.6526912 0.0514460 0.0005238
0.0316228 6052.2416575 0.0522839 0.0005287
0.0323594 6130.8328361 0.0531303 0.0005336
0.0331131 6210.4267038 0.0539854 0.0005385
0.0338844 6291.0213533 0.0548492 0.0005434
0.0346737 6372.5905613 0.0557217 0.0005482
0.0354813 6455.1171634 0.0566032 0.0005530
0.0363078 6538.5944844 0.0574936 0.0005577
0.0371535 6623.0039295 0.0583932 0.0005624
0.0380189 6708.2639678 0.0593021 0.0005671
0.0389045 6794.4656660 0.0602203 0.0005717
0.0398107 6881.5475183 0.0611479 0.0005764
0.0407380 6969.4599385 0.0620852 0.0005810
0.0416869 7058.1509565 0.0630323 0.0005855
0.0426580 7147.5833828 0.0639892 0.0005901
0.0436516 7237.7257491 0.0649562 0.0005946
0.0446684 7328.5651823 0.0659335 0.0005991
0.0457088 7420.1083572 0.0669211 0.0006036
0.0467735 7512.3142700 0.0679193 0.0006080
0.0478630 7604.9440490 0.0689283 0.0006124
0.0489779 7698.1378705 0.0699482 0.0006169
0.0501187 7791.8070513 0.0709793 0.0006212
0.0512861 7885.8676767 0.0720218 0.0006256
0.0524807 7980.2448905 0.0730759 0.0006300
0.0537032 8074.8767101 0.0741418 0.0006343
0.0549541 8169.7149797 0.0752199 0.0006387
0.0562341 8264.7353831 0.0763103 0.0006430
0.0575440 8359.7920224 0.0774134 0.0006473
0.0588844 8454.7542574 0.0785294 0.0006516
0.0602560 8549.6907457 0.0796586 0.0006559
0.0616595 8644.4698934 0.0808014 0.0006602
0.0630957 8738.9686886 0.0819581 0.0006645
0.0645654 8833.0727019 0.0831290 0.0006688
0.0660693 8926.6808537 0.0843145 0.0006731
0.0676083 9019.7130433 0.0855150 0.0006774
0.0691831 9112.1111025 0.0867309 0.0006817
0.0707946 9203.8502380 0.0879627 0.0006860
0.0724436 9294.5585539 0.0892107 0.0006903
0.0741310 9384.3285474 0.0904754 0.0006946
0.0758578 9473.0429281 0.0917573 0.0006990
0.0776247 9560.5510306 0.0930569 0.0007033
0.0794328 9646.7136320 0.0943748 0.0007077
0.0812831 9731.4124886 0.0957115 0.0007121
0.0831764 9814.5455673 0.0970676 0.0007166
0.0851138 9896.0518391 0.0984437 0.0007210
0.0870964 9975.6938625 0.0998404 0.0007255
0.0891251 10053.3705582 0.1012584 0.0007301
0.0912011 10129.0733438 0.1026984 0.0007346
0.0933254 10202.6286680 0.1041612 0.0007392
0.0954993 10273.8801436 0.1056474 0.0007439
0.0977237 10342.6856872 0.1071579 0.0007486
0.1000000 10408.9337301 0.1086935 0.0007533
0.1023293 10472.5413108 0.1102552 0.0007582
0.1047129 10533.4597967 0.1118437 0.0007630
0.1071519 10591.5223114 0.1134601 0.0007680
0.1096478 10646.5238352 0.1151053 0.0007730
0.1122018 10698.5101400 0.1167804 0.0007781
0.1148154 10747.3362817 0.1184865 0.0007832
0.1174898 10792.8802020 0.1202247 0.0007885
0.1202264 10835.0474966 0.1219961 0.0007939
0.1230269 10873.7771363 0.1238020 0.0007993
0.1258925 10909.0443281 0.1256437 0.0008049
0.1288250 10940.6945921 0.1275226 0.0008105
0.1318257 10968.6630849 0.1294400 0.0008163
0.1348963 10993.0022533 0.1313973 0.0008223
0.1380384 11013.6138786 0.1333962 0.0008283
0.1412538 11030.4226281 0.1354382 0.0008345
0.1445440 11043.3836835 0.1375249 0.0008408
0.1479108 11052.4808339 0.1396581 0.0008474
0.1513561 11057.7321973 0.1418396 0.0008540
0.1548817 11059.1978493 0.1440711 0.0008609
0.1584893 11056.7442887 0.1463548 0.0008679
0.1621810 11050.4249160 0.1486926 0.0008752
0.1659587 11040.3112496 0.1510867 0.0008827
0.1698244 11026.3918467 0.1535392 0.0008904
0.1737801 11008.6867323 0.1560524 0.0008983
0.1778279 10987.2445390 0.1586287 0.0009065
0.1819701 10962.1415533 0.1612706 0.0009149
0.1862087 10933.4998333 0.1639807 0.0009237
0.1905461 10901.1753884 0.1667617 0.0009327
0.1949845 10865.4523855 0.1696163 0.0009420
0.1995262 10826.3661069 0.1725476 0.0009517
0.2041738 10783.9699532 0.1755584 0.0009617
0.2089296 10738.3440250 0.1786520 0.0009721
0.2137962 10689.5884483 0.1818315 0.0009828
0.2187762 10637.8319562 0.1851005 0.0009940
0.2238721 10583.2214000 0.1884624 0.0010056
0.2290868 10525.8111339 0.1919208 0.0010176
0.2344229 10465.7060514 0.1954796 0.0010302
0.2398833 10403.0758900 0.1991428 0.0010432
0.2454709 10338.0198217 0.2029143 0.0010567
0.2511886 10270.6446476 0.2067985 0.0010708
0.2570396 10201.0819617 0.2107998 0.0010854
0.2630268 10129.4738473 0.2149227 0.0011007
0.2691535 10063.5776753 0.2191716 0.0011165
0.2754229 10001.7532887 0.2235458 0.0011330
0.2818383 9937.4686664 0.2280503 0.0011501
0.2884032 9870.8267951 0.2326901 0.0011678
0.2951209 9801.9459187 0.2374708 0.0011862
0.3019952 9730.9576311 0.2423978 0.0012054
0.3090295 9658.0097372 0.2474771 0.0012252
0.3162278 9583.2700670 0.2527145 0.0012459
0.3235937 9506.9207543 0.2581164 0.0012674
0.3311311 9428.9427275 0.2636892 0.0012897
0.3388442 9349.6239676 0.2694396 0.0013130
0.3467369 9269.0407610 0.2753745 0.0013372
0.3548134 9187.3046765 0.2815010 0.0013623
0.3630781 9104.5301438 0.2878266 0.0013885
0.3715352 9020.8430353 0.2943590 0.0014157
0.3801894 8936.3806664 0.3011062 0.0014440
0.3890451 8850.6900869 0.3080764 0.0014735
0.3981072 8762.8701640 0.3152794 0.0015042
0.4073803 8673.8115409 0.3227250 0.0015362
0.4168694 8584.1102052 0.3304229 0.0015695
0.4265795 8494.3897979 0.3383830 0.0016042
0.4365158 8404.8829924 0.3466148 0.0016403
0.4466836 8315.2770146 0.3551286 0.0016779
0.4570882 8225.7854664 0.3639352 0.0017170
0.4677351 8136.4617482 0.3730453 0.0017577
0.4786301 8047.3573534 0.3824704 0.0018000
0.4897788 7958.5213913 0.3922223 0.0018441
0.5011872 7869.9810388 0.4023132 0.0018899
0.5128614 7781.8106753 0.4127557 0.0019375
0.5248075 7694.0370009 0.4235629 0.0019870
0.5370318 7606.6895767 0.4347485 0.0020385
0.5495409 7519.7946260 0.4463265 0.0020919
0.5623413 7433.3783724 0.4583114 0.0021475
0.5754399 7347.4675160 0.4707185 0.0022051
0.5888437 7262.0901874 0.4835635 0.0022650
0.6025596 7177.2578296 0.4968626 0.0023272
0.6165950 7092.9733034 0.5106329 0.0023917
0.6309573 7009.2599715 0.5248917 0.0024587
0.6456542 6926.1278463 0.5396572 0.0025282
0.6606934 6843.5783584 0.5549488 0.0026003
0.6760830 6761.6215202 0.5707854 0.0026750
0.6918310 6680.2587622 0.5871882 0.0027526
0.7079458 6599.4991434 0.6041776 0.0028330
0.7244360 6519.3288368 0.6217762 0.0029163
0.7413102 6439.7535639 0.6400066 0.0030027
0.7585776 6360.7714177 0.6588928 0.0030923
0.7762471 6282.3800140 0.6784596 0.0031851
0.7943282 6204.5764923 0.6987324 0.0032812
0.8128305 6127.3556077 0.7197384 0.0033809
0.8317638 6050.6706350 0.7415052 0.0034842
0.8511380 5974.6336196 0.7640620 0.0035911
0.8709636 5899.1883005 0.7874386 0.0037020
0.8912509 5824.1329954 0.8116667 0.0038168
0.9120108 5749.2593473 0.8367804 0.0039357
0.9332543 5671.9693283 0.8628194 0.0040590
0.9549926 5594.8972021 0.8898325 0.0041871
0.9772372 5518.8106006 0.9178559 0.0043199
1.0000000 5443.6656591 0.9469275 0.0044578
1.0232930 5369.4204200 0.9770872 0.0046008
1.0471285 5296.0448456 1.0083767 0.0047491
1.0715193 5223.5026999 1.0408390 0.0049029
1.0964782 5151.7525021 1.0745195 0.0050623
1.1220185 5080.7613538 1.1094651 0.0052277
1.1481536 5010.4949260 1.1457256 0.0053991
1.1748976 4940.9312865 1.1833518 0.0055767
1.2022644 4872.0456422 1.2223979 0.0057609
1.2302688 4803.8108160 1.2629196 0.0059519
1.2589254 4736.1991541 1.3049757 0.0061498
1.2882496 4669.2039816 1.3486272 0.0063550
1.3182567 4602.7957373 1.3939381 0.0065677
1.3489629 4536.9605944 1.4409757 0.0067882
1.3803843 4471.6837725 1.4898091 0.0070168
1.4125375 4406.9523981 1.5405117 0.0072539
1.4454398 4342.7478765 1.5931600 0.0074997
1.4791084 4279.0792668 1.6478337 0.0077547
1.5135612 4215.9227293 1.7046163 0.0080191
1.5488166 4153.2749266 1.7635949 0.0082935
1.5848932 4091.1320443 1.8248610 0.0085781
1.6218101 4029.4878843 1.8885092 0.0088734
1.6595869 3968.3352945 1.9546407 0.0091799
1.6982437 3907.7121800 2.0233588 0.0094980
1.7378008 3847.7527568 2.0947711 0.0098281
1.7782794 3788.3454564 2.1689892 0.0101709
1.8197009 3729.3744186 2.2461316 0.0105267
1.8620871 3670.8370212 2.3263245 0.0108962
1.9054607 3612.7959621 2.4096988 0.0112800
1.9498446 3555.2340767 2.4963913 0.0116787
1.9952623 3498.1601858 2.5865448 0.0120930
2.0417379 3441.5835867 2.6803096 0.0125235
2.0892961 3385.5111929 2.7778412 0.0129710
2.1379621 3329.9515865 2.8793039 0.0134362
2.1877616 3274.9171642 2.9848687 0.0139199
2.2387211 3220.4110250 3.0947144 0.0144229
2.2908677 3166.4441351 3.2090277 0.0149461
2.3442288 3113.0234081 3.3280037 0.0154903
2.3988329 3060.1574260 3.4518486 0.0160566
2.4547089 3007.8542943 3.5807731 0.0166458
2.5118864 2956.1206881 3.7150036 0.0172591
2.5703958 2904.9663816 3.8547718 0.0178974
2.6302680 2854.3973347 4.0003218 0.0185620
2.6915348 2804.4206991 4.1519082 0.0192540
2.7542287 2755.0424348 4.3097985 0.0199745
2.8183829 2706.2685016 4.4742699 0.0207249
2.8840315 2658.1046211 4.6456148 0.0215066
2.9512092 2610.5555610 4.8241356 0.0223208
3.0199517 2563.6263278 5.0101497 0.0231691
3.0902954 2517.3221660 5.2039902 0.0240530
3.1622777 2471.6459365 5.4060035 0.0249741
3.2359366 2426.6031224 5.6165507 0.0259340
3.3113112 2382.1920547 5.8360100 0.0269344
3.3884416 2338.4175016 6.0647768 0.0279772
3.4673685 2295.2806548 6.3032632 0.0290642
3.5481339 2252.7829449 6.5518993 0.0301973
3.6307805 2210.9241333 6.8111357 0.0313785
3.7153523 2169.7044586 7.0814420 0.0326100
3.8018940 2129.1241590 7.3633082 0.0338939
3.8904514 2089.1839499 7.6572454 0.0352325
3.9810717 2049.8752489 7.9637893 0.0366280
4.0738028 2011.2025855 8.2834980 0.0380830
4.1686938 1973.1621455 8.6169496 0.0396000
4.2657952 1935.7502337 8.9647569 0.0411817
4.3651583 1898.9630358 9.3275528 0.0428307
4.4668359 1862.7968567 9.7059967 0.0445501
4.5708819 1827.2472861 10.1007843 0.0463428
4.6773514 1792.3101521 10.5126357 0.0482120
4.7863009 1757.9796139 10.9423049 0.0501610
4.8977882 1724.2497118 11.3905691 0.0521931
5.0118723 1691.1162737 11.8582610 0.0543120
5.1286138 1658.5717903 12.3462285 0.0565213
5.2480746 1626.6108978 12.8553681 0.0588249
5.3703180 1595.2260865 13.3866084 0.0612269
5.4954087 1564.4111583 13.9409257 0.0637314
5.6234133 1534.1594381 14.5193365 0.0663428
5.7543994 1504.4611518 15.1228979 0.0690655
5.8884366 1475.3112930 15.7527118 0.0719043
6.0255959 1446.7016371 16.4099393 0.0748642
6.1659500 1418.6249130 17.0957773 0.0779502
6.3095734 1391.0719426 17.8114916 0.0811676
6.4565423 1364.0355740 18.5583838 0.0845220
6.6069345 1337.5077018 19.3378263 0.0880193
6.7608298 1311.4799821 20.1512521 0.0916655
6.9183097 1285.9449056 21.0001494 0.0954670
7.0794578 1260.8942475 21.8860733 0.0994303
7.2443596 1236.3196641 22.8106375 0.1035622
7.4131024 1212.2130499 23.7755608 0.1078700
7.5857758 1188.5664188 24.7826034 0.1123610
7.7624712 1165.3715461 25.8335964 0.1170427
7.9432823 1142.6205646 26.9304885 0.1219232
8.1283052 1120.3053692 28.0752857 0.1270107
8.3176377 1098.4183310 29.2700796 0.1323136
8.5113804 1076.9512255 30.5170741 0.1378410
8.7096359 1055.8964239 31.8185607 0.1436023
8.9125094 1035.2476090 33.1769087 0.1496074
9.1201084 1014.9939337 34.5946457 0.1558666
9.3325430 995.1311068 36.0743505 0.1623911
9.5499259 975.6512018 37.6187446 0.1691923
9.7723722 956.5689991 39.2306827 0.1762823
10.0000000 937.7473620 40.9131073 0.1836737
10.2329299 919.1054152 42.6694821 0.1913837
10.4712855 900.7680179 44.5033128 0.1994301
10.7151931 882.7960799 46.4180480 0.2078274
10.9647820 865.1789333 48.4172808 0.2165906
11.2201845 847.9099624 50.5047454 0.2257353
11.4815362 830.9822539 52.6843508 0.2352775
11.7489755 814.3897286 54.9601586 0.2452341
12.0226443 798.1261287 57.3364203 0.2556222
12.3026877 782.1859116 59.8175971 0.2664599
12.5892541 766.5620445 62.4083099 0.2777656
12.8824955 751.2492828 65.1133965 0.2895589
13.1825674 736.2419646 67.9379158 0.3018603
13.4896288 721.5346068 70.8871471 0.3146919
13.8038426 707.1214283 73.9665944 0.3280771
14.1253754 692.9971845 77.1819825 0.3420405
14.4543977 679.1564519 80.5393484 0.3566078
14.7910839 665.5938069 84.0449039 0.3718055
15.1356125 652.3029322 87.7052190 0.3876607
15.4881662 639.2804306 91.5270842 0.4042009
15.8489319 626.5188522 95.5176631 0.4214542
16.2181010 614.0146211 99.6843704 0.4394496
16.5958691 601.7635058 104.0349256 0.4582178
16.9824365 589.7620496 108.5774439 0.4777909
17.3780083 578.0061402 113.3203143 0.4982027
17.7827941 566.4922613 118.2723983 0.5194893
18.1970086 555.2155257 123.4427169 0.5416875
18.6208714 544.1718807 128.8409230 0.5648364
19.0546072 533.3524462 134.4769285 0.5889761
19.4984460 522.7544209 140.3612009 0.6141483
19.9526231 512.3752422 146.5045351 0.6403964
20.4173794 502.2122281 152.9182740 0.6677653
20.8929613 492.2627264 159.6141413 0.6963017
21.3796209 482.5266479 166.6043326 0.7260531
21.8776162 473.0011912 173.9015612 0.7570688
22.3872114 463.6814693 181.5189363 0.7893998
22.9086765 454.5617012 189.4703282 0.8230993
23.4422882 445.6361952 197.7699880 0.8582226
23.9883292 436.8993787 206.4329738 0.8948276
24.5470892 428.3488977 215.4748611 0.9329740
25.1188643 419.9835601 224.9118348 0.9727245
25.7039578 411.8027104 234.7607647 1.0141435
26.3026799 403.8038157 245.0389621 1.0572974
26.9153480 395.9846707 255.7646825 1.1022541
27.5422870 388.3413717 266.9565465 1.1490805
28.1838293 380.8717733 278.6341342 1.1978431
28.8403150 373.5725975 290.8176346 1.2486085
29.5120923 366.4403875 303.5280588 1.3014462
30.1995172 359.4718356 316.7871184 1.3564325
30.9029543 352.6427745 330.6178954 1.4136579
31.6227766 345.9486748 345.0448112 1.4732252
32.3593657 339.3867948 360.0933231 1.5352386
33.1131121 332.9547209 375.7899537 1.5997975
33.8844156 326.6496221 392.1623222 1.6669975
34.6736850 320.4693826 409.2392960 1.7369369
35.4813389 314.4113802 427.0510216 1.8097255
36.3078055 308.4735287 445.6284982 1.8854877
37.1535229 302.6537126 465.0046129 1.9643613
38.0189396 296.9491008 485.2129834 2.0464838
38.9045145 291.3578756 506.2892374 2.1319878
39.8107171 285.8776828 528.2700380 2.2209988
40.7380278 280.5064961 551.1936621 2.3136453
41.6869383 275.2420806 575.1002439 2.4100680
42.6579519 270.0823204 600.0313796 2.5104217
43.6515832 265.0251296 626.0302487 2.6148713
44.6683592 260.0698825 653.1420405 2.7235861
45.7088190 255.2159234 681.4134057 2.8367388
46.7735141 250.4563985 710.8933097 2.9545056
47.8630092 245.7893112 741.6329710 3.0770758
48.9778819 241.2126203 773.6856179 3.2046493
50.1187234 236.7243888 807.1069758 3.3374377
51.2861384 232.3227096 841.9549014 3.4756536
52.4807460 228.0171929 878.2894441 3.6195107
53.7031796 223.8018343 916.1713233 3.7692217
54.9540874 219.6736685 955.6647295 3.9250194
56.2341325 215.6290602 996.8368377 4.0871501
57.5439937 211.6643738 1039.7576851 4.2558754
58.8843655 207.7760184 1084.5006586 4.4314487
60.2559586 203.9604629 1131.1425556 4.6141155
61.6595002 200.2201061 1179.7626704 4.8041317
63.0957344 196.5579280 1230.4441952 5.0017964
64.5654229 192.9748224 1283.2704438 5.2074527
66.0693448 189.4673179 1338.3294805 5.4214436
67.6082975 186.0320321 1395.7129019 5.6440693
69.1830971 182.6655977 1455.5157150 5.8756009
70.7945784 179.3632022 1517.8388953 6.1163649
72.4435960 176.1223275 1582.7879250 6.3667865
74.1310241 172.9492761 1650.4708443 6.6273370
75.8577575 169.8426624 1720.9991037 6.8984188
77.6247117 166.8010710 1794.4882951 7.1803517
79.4328235 163.8231607 1871.0586391 7.4734709
81.2830516 160.9065627 1950.8344975 7.7782042
83.1763771 158.0366007 2033.9494892 8.0950534
85.1138038 155.2340746 2120.5408873 8.4245034
87.0963590 152.4932184 2210.7454776 8.7670077
89.1250938 149.8084594 2304.7072323 9.1230320
91.2010839 147.1741210 2402.5796244 9.4931146
93.3254301 144.5897114 2504.5239224 9.8778346
95.4992586 142.0620100 2610.7030999 10.2777511
97.7237221 139.5915830 2721.2837847 10.6934001
100.0000000 137.1715169 2836.4382076 11.1253518
102.3292992 134.7948684 2956.3537030 11.5742474
104.7128548 132.4666291 3081.2224776 12.0407705
107.1519305 130.1913134 3211.2403922 12.5255969
109.6478196 127.9658372 3346.6057435 13.0293815
112.2018454 125.7843448 3487.5292523 13.5527492
114.8153621 123.6422919 3634.2347944 14.0963019
117.4897555 121.5469346 3786.9533099 14.6607464
120.2264435 119.4984740 3945.9150084 15.2469762
123.0268771 117.4952638 4111.3610617 15.8559208
125.8925412 115.5298392 4283.5421422 16.4883530
128.8249552 113.6020661 4462.7274367 17.1449664
131.8256739 111.7133003 4649.1931965 17.8265826
134.8962883 109.8655161 4843.2215196 18.5341458
138.0384265 108.0599428 5045.0954783 19.2685925
141.2537545 106.2951647 5255.1142231 20.0308083
144.5439771 104.5661832 5473.5842128 20.8217540
147.9108388 102.8680067 5700.8348052 21.6425490
151.3561248 101.2077947 5937.2075385 22.4943097
154.8816619 99.5866421 6183.0400533 23.3780629
158.4893192 98.0003325 6438.6802217 24.2948457
162.1810097 96.4425855 6704.5036870 25.2459049
165.9586907 94.9179010 6980.9021707 26.2325416
169.8243652 93.4285659 7268.2654454 27.2559347
173.7800829 91.9726136 7566.9930280 28.3172301
177.8279410 90.5468629 7877.5039242 29.4178289
181.9700859 89.1480286 8200.2410131 30.5592806
186.2087137 87.7773397 8535.6686112 31.7427455
190.5460718 86.4373293 8884.2500608 32.9691731
194.9844600 85.1304483 9246.4530891 34.2399994
199.5262315 83.8528824 9622.7590652 35.5571806
204.1737945 82.6008174 10013.6824890 36.9223970
208.9296131 81.3724204 10419.7651445 38.3368401
213.7962090 80.1733387 10841.5478410 39.8017947
218.7761624 79.0033187 11279.5821070 41.3188914
223.8721139 77.8578981 11734.4311638 42.8898016
229.0867653 76.7342609 12206.7089033 44.5162411
234.4228815 75.6340087 12697.0399361 46.2004930
239.8832919 74.5585571 13206.0615405 47.9453685
245.4708916 73.5093363 13734.4168413 49.7527076
251.1886432 72.4859590 14282.7509122 51.6227905
257.0395783 71.4829794 14851.7526762 53.5566618
263.0267992 70.5001889 15442.1490594 55.5573762
269.1534804 69.5398820 16054.6855018 57.6279933
275.4228703 68.6045395 16690.0908783 59.7704196
281.8382931 67.6894159 17349.1164756 61.9865697
288.4031503 66.7927827 18032.5827650 64.2791618
295.1209227 65.9145284 18741.3199622 66.6506085
301.9951720 65.0566866 19476.1875159 69.1023109
309.0295433 64.2206803 20238.0175906 71.6360412
316.2277660 63.4050567 21027.6793792 74.2550963
323.5936569 62.6083260 21846.0791032 76.9628389
331.1311215 61.8278247 22694.1502678 79.7613246
338.8441561 61.0640484 23572.8789978 82.6522690
346.7368505 60.3180026 24483.2650601 85.6380980
354.8133892 59.5906820 25426.3043236 88.7219541
363.0780548 58.8822356 26402.9965552 91.9077436
371.5352291 58.1913522 27414.3843965 95.1992191
380.1893963 57.5141542 28461.5689552 98.5988678
389.0451450 56.8523922 29545.6942141 102.1086214
398.1071706 56.2078953 30667.8924624 105.7313499
407.3802778 55.5810954 31829.2745523 109.4703702
416.8693835 54.9675339 33031.0507276 113.3280251
426.5795188 54.3672481 34274.4682609 117.3063514
436.5158322 53.7810759 35560.8075550 121.4089944
446.6835922 53.2098593 36891.3587575 125.6412435
457.0881896 52.6546301 38267.3925270 130.0078244
467.7351413 52.1139467 39690.1912154 134.5122422
478.6300923 51.5860397 41161.1307202 139.1571208
489.7788194 51.0706001 42681.6259159 143.9444953
