#E[MeV/u] dE/dx[MeVcm2/mg] range[mg/cm2] rangestragg.[mg/cm2]
0.0010000 471.2645613 0.0000000 0.0000000
0.0010233 473.1698835 0.0004439 0.0001156
0.0010471 475.0936533 0.0008964 0.0001649
0.0010715 477.0367350 0.0013575 0.0002037
0.0010965 479.0002909 0.0018274 0.0002371
0.0011220 480.9839634 0.0023063 0.0002674
0.0011482 482.9891829 0.0027943 0.0002954
0.0011749 485.0158899 0.0032916 0.0003218
0.0012023 487.0663196 0.0037984 0.0003469
0.0012303 489.1407401 0.0043147 0.0003711
0.0012589 491.2396582 0.0048409 0.0003946
0.0012882 493.3647725 0.0053769 0.0004174
0.0013183 495.5153976 0.0059232 0.0004397
0.0013490 497.6933514 0.0064796 0.0004616
0.0013804 499.8992598 0.0070466 0.0004832
0.0014125 502.1341062 0.0076242 0.0005045
0.0014454 504.3984868 0.0082126 0.0005256
0.0014791 506.6938021 0.0088120 0.0005465
0.0015136 509.0196947 0.0094225 0.0005673
0.0015488 511.3784890 0.0100444 0.0005880
0.0015849 513.7708407 0.0106779 0.0006086
0.0016218 516.1972267 0.0113230 0.0006291
0.0016596 518.6588986 0.0119801 0.0006496
0.0016982 521.1565122 0.0126493 0.0006700
0.0017378 523.6906634 0.0133308 0.0006905
0.0017783 526.2636768 0.0140247 0.0007110
0.0018197 528.8749564 0.0147313 0.0007315
0.0018621 531.5258135 0.0154508 0.0007520
0.0019055 534.2160692 0.0161834 0.0007726
0.0019498 536.9498364 0.0169292 0.0007933
0.0019953 539.7261612 0.0176885 0.0008140
0.0020417 542.5458783 0.0184615 0.0008348
0.0020893 545.4098220 0.0192483 0.0008557
0.0021380 548.3191844 0.0200492 0.0008767
0.0021878 551.2753961 0.0208644 0.0008977
0.0022387 554.2796492 0.0216941 0.0009189
0.0022909 557.3313475 0.0225385 0.0009402
0.0023442 560.4328753 0.0233978 0.0009616
0.0023988 563.5856631 0.0242723 0.0009832
0.0024547 566.7884593 0.0251620 0.0010049
0.0025119 570.0450188 0.0260673 0.0010266
0.0025704 573.3552225 0.0269884 0.0010486
0.0026303 576.7179379 0.0279255 0.0010706
0.0026915 580.1380525 0.0288788 0.0010929
0.0027542 583.6143744 0.0298485 0.0011152
0.0028184 587.1474994 0.0308348 0.0011377
0.0028840 590.7404080 0.0318380 0.0011603
0.0029512 594.3926231 0.0328583 0.0011831
0.0030200 598.1061119 0.0338960 0.0012061
0.0030903 601.8796225 0.0349511 0.0012292
0.0031623 605.7171485 0.0360241 0.0012525
0.0032359 609.6177958 0.0371150 0.0012759
0.0033113 613.5825182 0.0382242 0.0012994
0.0033884 617.6145341 0.0393518 0.0013232
0.0034674 621.7127113 0.0404982 0.0013471
0.0035481 625.8787185 0.0416634 0.0013711
0.0036308 630.1126750 0.0428479 0.0013954
0.0037154 634.4179187 0.0440517 0.0014197
0.0038019 638.7940323 0.0452752 0.0014443
0.0038905 643.2438172 0.0465185 0.0014690
0.0039811 647.7639953 0.0477820 0.0014939
0.0040738 652.3595732 0.0490659 0.0015189
0.0041687 657.0313258 0.0503703 0.0015441
0.0042658 661.7760942 0.0516956 0.0015695
0.0043652 666.6010308 0.0530420 0.0015950
0.0044668 671.5044667 0.0544098 0.0016207
0.0045709 676.4848522 0.0557991 0.0016465
0.0046774 681.5490419 0.0572103 0.0016725
0.0047863 686.6936382 0.0586436 0.0016987
0.0048978 691.9212638 0.0600993 0.0017250
0.0050119 697.2322763 0.0615775 0.0017515
0.0051286 702.6281062 0.0630786 0.0017782
0.0052481 708.1112569 0.0646029 0.0018050
0.0053703 713.6791654 0.0661505 0.0018319
0.0054954 719.3368981 0.0677217 0.0018590
0.0056234 725.0849915 0.0693169 0.0018863
0.0057544 730.9239224 0.0709362 0.0019137
0.0058884 736.8493396 0.0725800 0.0019413
0.0060256 742.8719720 0.0742485 0.0019690
0.0061660 748.9865743 0.0759419 0.0019969
0.0063096 755.1969613 0.0776606 0.0020249
0.0064565 761.5011661 0.0794048 0.0020531
0.0066069 767.9032416 0.0811748 0.0020814
0.0067608 774.4051550 0.0829709 0.0021098
0.0069183 781.0077406 0.0847933 0.0021384
0.0070795 787.7082566 0.0866424 0.0021672
0.0072444 794.5115907 0.0885184 0.0021961
0.0074131 801.4162526 0.0904216 0.0022251
0.0075858 808.4264148 0.0923523 0.0022542
0.0077625 815.5413023 0.0943108 0.0022835
0.0079433 822.7635974 0.0962973 0.0023129
0.0081283 830.0937770 0.0983123 0.0023424
0.0083176 837.5317217 0.1003559 0.0023721
0.0085114 845.0787429 0.1024285 0.0024019
0.0087096 852.7377017 0.1045304 0.0024318
0.0089125 860.5097901 0.1066618 0.0024619
0.0091201 868.3946505 0.1088232 0.0024921
0.0093325 876.3952035 0.1110147 0.0025223
0.0095499 884.5121047 0.1132368 0.0025527
0.0097724 892.7462483 0.1154898 0.0025833
0.0100000 901.0991840 0.1177739 0.0026139
0.0102329 909.5709713 0.1200894 0.0026446
0.0104713 918.1642330 0.1224368 0.0026755
0.0107152 926.8789688 0.1248164 0.0027065
0.0109648 935.7209606 0.1272284 0.0027375
0.0112202 944.6859764 0.1296732 0.0027687
0.0114815 953.7787846 0.1321512 0.0028000
0.0117490 962.9990871 0.1346626 0.0028314
0.0120226 972.3439037 0.1372079 0.0028629
0.0123027 981.8251554 0.1397874 0.0028944
0.0125893 991.4380737 0.1424014 0.0029261
0.0128825 1001.1805725 0.1450504 0.0029579
0.0131826 1011.0624270 0.1477346 0.0029898
0.0134896 1021.0780343 0.1504545 0.0030217
0.0138038 1031.2297786 0.1532103 0.0030538
0.0141254 1041.5217130 0.1560025 0.0030859
0.0144544 1051.9561026 0.1588315 0.0031181
0.0147911 1062.5313976 0.1616976 0.0031504
0.0151356 1073.2727511 0.1646013 0.0031828
0.0154882 1084.0831267 0.1675427 0.0032153
0.0158489 1095.0463287 0.1705229 0.0032479
0.0162181 1107.7664373 0.1735401 0.0032804
0.0165959 1121.0598234 0.1765908 0.0033129
0.0169824 1134.5643291 0.1796756 0.0033453
0.0173780 1148.3439699 0.1827946 0.0033775
0.0177828 1162.4067328 0.1859478 0.0034097
0.0181970 1176.7578629 0.1891352 0.0034418
0.0186209 1191.4032016 0.1923570 0.0034737
0.0190546 1206.3484709 0.1956130 0.0035055
0.0194984 1221.6109561 0.1989035 0.0035372
0.0199526 1237.1827894 0.2022284 0.0035688
0.0204174 1253.0804217 0.2055878 0.0036002
0.0208930 1269.3100519 0.2089817 0.0036314
0.0213796 1285.8760908 0.2124100 0.0036625
0.0218776 1302.7901015 0.2158728 0.0036935
0.0223872 1320.0580447 0.2193700 0.0037242
0.0229087 1337.6892186 0.2229018 0.0037548
0.0234423 1355.6910142 0.2264680 0.0037852
0.0239883 1374.0711801 0.2300686 0.0038154
0.0245471 1393.8061596 0.2337038 0.0038455
0.0251189 1410.2372535 0.2373724 0.0038754
0.0257040 1421.4628352 0.2410910 0.0039053
0.0263027 1433.6274284 0.2448666 0.0039356
0.0269153 1445.1186084 0.2486981 0.0039662
0.0275423 1457.1074872 0.2525864 0.0039971
0.0281838 1469.6458016 0.2565322 0.0040282
0.0288403 1482.7279488 0.2605346 0.0040596
0.0295121 1496.1584255 0.2645939 0.0040912
0.0301995 1509.9790743 0.2687101 0.0041230
0.0309030 1524.2007432 0.2728832 0.0041551
0.0316228 1538.8225976 0.2771133 0.0041872
0.0323594 1553.8687180 0.2814004 0.0042196
0.0331131 1569.3460183 0.2857445 0.0042521
0.0338844 1585.2390015 0.2901457 0.0042847
0.0346737 1601.5829534 0.2946037 0.0043174
0.0354813 1618.3787085 0.2991186 0.0043502
0.0363078 1635.6411681 0.3036904 0.0043831
0.0371535 1653.3610337 0.3083189 0.0044160
0.0380189 1671.5555907 0.3130041 0.0044489
0.0389045 1690.2416476 0.3177457 0.0044819
0.0398107 1709.4008463 0.3225439 0.0045149
0.0407380 1729.0695454 0.3273983 0.0045479
0.0416869 1749.2419038 0.3323089 0.0045808
0.0426580 1769.9200673 0.3372756 0.0046137
0.0436516 1791.1209635 0.3422981 0.0046466
0.0446684 1812.8372015 0.3473765 0.0046793
0.0457088 1835.0760531 0.3525105 0.0047120
0.0467735 1857.8600487 0.3577001 0.0047446
0.0478630 1881.1655850 0.3629451 0.0047771
0.0489779 1905.0079208 0.3682454 0.0048094
0.0501187 1929.3918244 0.3736010 0.0048416
0.0512861 1954.3053749 0.3790118 0.0048737
0.0524807 1979.7615661 0.3844776 0.0049056
0.0537032 2005.7581330 0.3899986 0.0049374
0.0549541 2032.2774327 0.3955748 0.0049689
0.0562341 2059.3312669 0.4012061 0.0050003
0.0575440 2086.9019925 0.4068926 0.0050316
0.0588844 2114.9931860 0.4126345 0.0050626
0.0602560 2143.5845816 0.4184320 0.0050934
0.0616595 2172.6699806 0.4242852 0.0051241
0.0630957 2202.2362699 0.4301944 0.0051545
0.0645654 2232.2667601 0.4361600 0.0051847
0.0660693 2262.7469078 0.4421825 0.0052148
0.0676083 2293.6550169 0.4482621 0.0052446
0.0691831 2324.9712986 0.4543996 0.0052742
0.0707946 2356.6647585 0.4605954 0.0053037
0.0724436 2388.7141774 0.4668504 0.0053329
0.0741310 2421.0921371 0.4731653 0.0053620
0.0758578 2453.7514307 0.4795412 0.0053908
0.0776247 2486.6720311 0.4859789 0.0054195
0.0794328 2519.8088772 0.4924796 0.0054481
0.0812831 2553.1352660 0.4990446 0.0054764
0.0831764 2586.5775263 0.5056753 0.0055046
0.0851138 2620.1072862 0.5123731 0.0055327
0.0870964 2653.6728088 0.5191397 0.0055607
0.0891251 2687.2304637 0.5259768 0.0055885
0.0912011 2720.7108709 0.5328866 0.0056163
0.0933254 2754.0482270 0.5398709 0.0056439
0.0954993 2787.2067692 0.5469322 0.0056715
0.0977237 2820.0982825 0.5540728 0.0056990
0.1000000 2852.6812822 0.5612954 0.0057266
0.1023293 2884.8706527 0.5686026 0.0057540
0.1047129 2916.6029749 0.5759979 0.0057816
0.1071519 2947.8122067 0.5834841 0.0058091
0.1096478 2978.4339750 0.5910649 0.0058367
0.1122018 3008.3922244 0.5987435 0.0058644
0.1148154 3037.6106610 0.6065241 0.0058921
0.1174898 3066.0170438 0.6144108 0.0059201
0.1202264 3093.5288801 0.6224079 0.0059481
0.1230269 3120.1263811 0.6305200 0.0059764
0.1258925 3145.7017816 0.6387520 0.0060049
0.1288250 3170.1928543 0.6471089 0.0060336
0.1318257 3193.5507235 0.6555961 0.0060627
0.1348963 3215.7162613 0.6642194 0.0060921
0.1380384 3236.6272405 0.6729847 0.0061218
0.1412538 3256.2302554 0.6818981 0.0061520
0.1445440 3274.4971724 0.6909661 0.0061826
0.1479108 3291.3679102 0.7001959 0.0062137
0.1513561 3306.8145738 0.7095943 0.0062453
0.1548817 3320.8009235 0.7191689 0.0062776
0.1584893 3333.3062169 0.7289276 0.0063104
0.1621810 3344.3233015 0.7388783 0.0063440
0.1659587 3353.8421637 0.7490296 0.0063783
0.1698244 3361.8253717 0.7593904 0.0064135
0.1737801 3368.3005822 0.7699697 0.0064495
0.1778279 3373.2770934 0.7807771 0.0064865
0.1819701 3376.7489449 0.7918224 0.0065244
0.1862087 3378.7561910 0.8031157 0.0065634
0.1905461 3379.3109911 0.8146678 0.0066036
0.1949845 3378.4348028 0.8264895 0.0066450
0.1995262 3376.1922375 0.8385921 0.0066878
0.2041738 3372.6011767 0.8509875 0.0067319
0.2089296 3367.7081120 0.8636876 0.0067775
0.2137962 3361.5697870 0.8767048 0.0068246
0.2187762 3354.2286402 0.8900520 0.0068734
0.2238721 3345.7533362 0.9037423 0.0069240
0.2290868 3336.1755846 0.9177893 0.0069764
0.2344229 3325.5795473 0.9322073 0.0070308
0.2398833 3314.0164841 0.9470103 0.0070873
0.2454709 3301.5555365 0.9622130 0.0071459
0.2511886 3288.2498719 0.9778309 0.0072069
0.2570396 3274.1605254 0.9938792 0.0072703
0.2630268 3259.3449558 1.0103740 0.0073361
0.2691535 3243.8866097 1.0273318 0.0074047
0.2754229 3227.8262567 1.0447690 0.0074760
0.2818383 3211.2318461 1.0627028 0.0075503
0.2884032 3194.1520152 1.0811511 0.0076276
0.2951209 3176.6411235 1.1001315 0.0077080
0.3019952 3158.7537688 1.1196627 0.0077918
0.3090295 3140.5509863 1.1397631 0.0078791
0.3162278 3122.3622706 1.1604519 0.0079699
0.3235937 3107.3430916 1.1817367 0.0080642
0.3311311 3093.6783685 1.2036161 0.0081620
0.3388442 3078.9266951 1.2261085 0.0082633
0.3467369 3063.9444710 1.2492359 0.0083683
0.3548134 3048.6275071 1.2730194 0.0084770
0.3630781 3033.0067980 1.2974806 0.0085898
0.3715352 3017.1252589 1.3226420 0.0087066
0.3801894 3000.9986256 1.3485265 0.0088276
0.3890451 2984.6640912 1.3751578 0.0089529
0.3981072 2968.1507428 1.4025593 0.0090828
0.4073803 2951.4759851 1.4307565 0.0092173
0.4168694 2934.6746271 1.4597748 0.0093566
0.4265795 2917.7633582 1.4896399 0.0095009
0.4365158 2900.7352641 1.5203794 0.0096502
0.4466836 2883.6334987 1.5520202 0.0098047
0.4570882 2866.4583004 1.5845909 0.0099646
0.4677351 2849.2010860 1.6181209 0.0101301
0.4786301 2831.9700977 1.6526407 0.0103012
0.4897788 2814.5779385 1.6881805 0.0104781
0.5011872 2796.2650066 1.7247791 0.0106611
0.5128614 2777.6995895 1.7624793 0.0108505
0.5248075 2759.1797103 1.8013158 0.0110464
0.5370318 2740.7013160 1.8413243 0.0112490
0.5495409 2722.2517703 1.8825416 0.0114586
0.5623413 2703.8491930 1.9250051 0.0116751
0.5754399 2685.4783255 1.9687543 0.0118990
0.5888437 2667.1451281 2.0138298 0.0121302
0.6025596 2648.8217058 2.0602734 0.0123690
0.6165950 2630.5237943 2.1081281 0.0126156
0.6309573 2612.2456716 2.1574393 0.0128702
0.6456542 2593.9787545 2.2082528 0.0131330
0.6606934 2575.7175595 2.2606180 0.0134041
0.6760830 2557.4558877 2.3145840 0.0136839
0.6918310 2539.1985074 2.3702026 0.0139725
0.7079458 2520.9270603 2.4275278 0.0142702
0.7244360 2502.6353478 2.4866150 0.0145772
0.7413102 2484.3202701 2.5475224 0.0148937
0.7585776 2465.9927948 2.6103103 0.0152201
0.7762471 2447.6238345 2.6750399 0.0155565
0.7943282 2429.2210189 2.7417764 0.0159034
0.8128305 2410.7767184 2.8105878 0.0162609
0.8317638 2392.2921252 2.8815434 0.0166294
0.8511380 2373.7550799 2.9547159 0.0170091
0.8709636 2355.1689203 3.0301807 0.0174005
0.8912509 2336.5214872 3.1080153 0.0178039
0.9120108 2317.8163568 3.1883036 0.0182196
0.9332543 2299.0473302 3.2711280 0.0186480
0.9549926 2280.2141689 3.3565774 0.0190896
0.9772372 2261.3152042 3.4447442 0.0195447
1.0000000 2242.3473365 3.5357227 0.0200137
1.0232930 2223.3077048 3.6296141 0.0204972
1.0471285 2204.0248861 3.7265205 0.0209955
1.0715193 2183.4569913 3.8265835 0.0215097
1.0964782 2162.4449226 3.9299625 0.0220410
1.1220185 2141.7504274 4.0367735 0.0225899
1.1481536 2121.0876420 4.1471330 0.0231569
1.1748976 2100.4980510 4.2611669 0.0237425
1.2022644 2079.9706873 4.3790059 0.0243473
1.2302688 2059.5127034 4.5007817 0.0249717
1.2589254 2039.0993038 4.6266380 0.0256165
1.2882496 2018.7333495 4.7567195 0.0262823
1.3182567 1998.4028003 4.8911801 0.0269696
1.3489629 1978.1028880 5.0301783 0.0276793
1.3803843 1957.8287248 5.1738794 0.0284120
1.4125375 1937.5775690 5.3224591 0.0291686
1.4454398 1917.3485862 5.4760965 0.0299499
1.4791084 1897.1336701 5.6349777 0.0307566
1.5135612 1876.9323438 5.7993017 0.0315897
1.5488166 1856.7390045 5.9692729 0.0324502
1.5848932 1836.5625930 6.1451056 0.0333389
1.6218101 1816.3973871 6.3270188 0.0342571
1.6595869 1796.2468440 6.5152482 0.0352057
1.6982437 1776.1016653 6.7100343 0.0361859
1.7378008 1755.9757985 6.9116309 0.0371988
1.7782794 1735.8636408 7.1203004 0.0382458
1.8197009 1715.7674571 7.3363175 0.0393281
1.8620871 1695.6953537 7.5599695 0.0404470
1.9054607 1675.6468537 7.7915548 0.0416041
1.9498446 1655.6231493 8.0313830 0.0428008
1.9952623 1635.6324658 8.2797841 0.0440386
2.0417379 1615.6757570 8.5370957 0.0453191
2.0892961 1595.7577912 8.8036664 0.0466440
2.1379621 1575.8861978 9.0798704 0.0480152
2.1877616 1556.0628842 9.3660927 0.0494342
2.2387211 1536.2922611 9.6627292 0.0509032
2.2908677 1516.5767127 9.9702029 0.0524240
2.3442288 1496.9307825 10.2889472 0.0539986
2.3988329 1477.3524440 10.6194210 0.0556293
2.4547089 1457.8494458 10.9620921 0.0573182
2.5118864 1438.4290596 11.3174603 0.0590676
2.5703958 1419.0874708 11.6860362 0.0608800
2.6302680 1399.8501900 12.0683645 0.0627578
2.6915348 1380.7297344 12.4649892 0.0647037
2.7542287 1361.7104875 12.8765014 0.0667203
2.8183829 1342.7928069 13.3035062 0.0688105
2.8840315 1323.9827723 13.7466377 0.0709773
2.9512092 1305.2913510 14.2065597 0.0732239
3.0199517 1286.7163971 14.6839627 0.0755535
3.0902954 1268.2675666 15.1795630 0.0779695
3.1622777 1249.9492704 15.6941138 0.0804755
3.2359366 1231.7666343 16.2283971 0.0830751
3.3113112 1213.7250228 16.7832205 0.0857721
3.3884416 1195.8272969 17.3594345 0.0885706
3.4673685 1178.0794171 17.9579305 0.0914746
3.5481339 1160.4844829 18.5796208 0.0944883
3.6307805 1143.0460704 19.2254675 0.0976162
3.7153523 1125.7702594 19.8964723 0.1008628
3.8018940 1108.6564539 20.5936754 0.1042327
3.8904514 1091.7115679 21.3181586 0.1077309
3.9810717 1074.9372704 22.0710571 0.1113624
4.0738028 1058.3336807 22.8535501 0.1151324
4.1686938 1041.9068783 23.6668585 0.1190465
4.2657952 1025.6580554 24.5122717 0.1231102
4.3651583 1009.5899538 25.3911099 0.1273295
4.4668359 993.7013217 26.3047653 0.1317105
4.5708819 977.9957356 27.2546819 0.1362596
4.6773514 962.4739702 28.2423681 0.1409836
4.7863009 947.1378732 29.2694012 0.1458893
4.8977882 931.9879812 30.3373983 0.1509840
5.0118723 917.0242345 31.4480813 0.1562752
5.1286138 902.2516399 32.6032102 0.1617707
5.2480746 887.6635216 33.8046288 0.1674785
5.3703180 873.2636945 35.0542800 0.1734072
5.4954087 859.0546618 36.3541524 0.1795654
5.6234133 845.0303440 37.7063412 0.1859622
5.7543994 831.1940192 39.1130255 0.1926070
5.8884366 817.5458662 40.5764719 0.1995096
6.0255959 804.0852295 42.0990501 0.2066801
6.1659500 790.8093076 43.6832094 0.2141291
6.3095734 777.7179217 45.3315176 0.2218676
6.4565423 764.8116082 47.0466452 0.2299069
6.6069345 752.0887578 48.8313845 0.2382590
6.7608298 739.5473439 50.6886269 0.2469360
6.9183097 727.1862342 52.6213935 0.2559509
7.0794578 715.0073954 54.6328271 0.2653169
7.2443596 703.0047479 56.7262268 0.2750480
7.4131024 691.1790667 58.9049983 0.2851586
7.5857758 679.5286231 61.1726997 0.2956637
7.7624712 668.0525827 63.5330568 0.3065790
7.9432823 656.7479653 65.9899209 0.3179208
8.1283052 645.6131616 68.5473341 0.3297063
8.3176377 634.6466813 71.2094868 0.3419531
8.5113804 623.8482266 73.9807752 0.3546795
8.7096359 613.2146979 76.8657402 0.3679045
8.9125094 602.7462145 79.8691287 0.3816474
9.1201084 592.4371139 82.9959234 0.3959287
9.3325430 582.2886478 86.2512749 0.4107689
9.5499259 572.2982533 89.6405469 0.4261895
9.7723722 562.4644401 93.1693549 0.4422129
10.0000000 552.7767180 96.8435348 0.4588629
10.2329299 543.2201261 100.6693498 0.4761660
10.4712855 533.7982406 104.6532759 0.4941510
10.7151931 524.5236383 108.8020027 0.5128463
10.9647820 515.3929216 113.1225093 0.5322826
11.2201845 506.4046004 117.6220644 0.5524909
11.4815362 497.5549494 122.3082260 0.5735039
11.7489755 488.8449521 127.1889256 0.5953541
12.0226443 480.2725223 132.2723536 0.6180754
12.3026877 471.8359017 137.5671274 0.6417021
12.5892541 463.5319610 143.0822146 0.6662692
12.8824955 455.3596274 148.8269560 0.6918136
13.1825674 447.3183347 154.8110890 0.7183751
13.4896288 439.4048045 161.0448079 0.7459954
13.8038426 431.6180235 167.5387032 0.7747196
14.1253754 423.9564720 174.3038529 0.8045958
14.4543977 416.4188385 181.3517925 0.8356737
14.7910839 409.0032455 188.6945296 0.8680045
15.1356125 401.7091268 196.3446357 0.9016401
15.4881662 394.5342471 204.3151850 0.9366330
15.8489319 387.4786066 212.6198921 0.9730366
16.2181010 380.5396124 221.2728063 1.0109057
16.5958691 373.7157743 230.2889070 1.0502985
16.9824365 367.0053341 239.6835693 1.0912768
17.3780083 360.4058778 249.4729152 1.1339050
17.7827941 353.9160344 259.6739811 1.1782532
18.1970086 347.5338667 270.3040622 1.2243933
18.6208714 341.2574378 281.3816881 1.2724010
19.0546072 335.0850189 292.9260893 1.3223547
19.4984460 329.0146730 304.9570756 1.3743357
19.9526231 323.0482478 317.4956451 1.4284288
20.4173794 317.1819584 330.5633445 1.4847214
20.8929613 311.4176526 344.1829092 1.5433041
21.3796209 305.7553303 358.3777755 1.6042703
21.8776162 300.1956770 373.1722635 1.6677159
22.3872114 294.7355039 388.5917600 1.7337411
22.9086765 289.3710856 404.6627793 1.8024513
23.4422882 284.1002765 421.4132073 1.8739571
23.9883292 278.9186955 438.8719965 1.9483762
24.5470892 273.8266407 457.0694709 2.0258298
25.1188643 268.8235756 476.0372953 2.1064445
25.7039578 263.9111692 495.8082624 2.1903493
26.3026799 259.0890042 516.4162616 2.2776763
26.9153480 254.3558885 537.8967067 2.3685639
27.5422870 249.7097063 560.2865652 2.4631556
28.1838293 245.1496080 583.6241156 2.5616031
28.8403150 240.6742080 607.9494645 2.6640653
29.5120923 236.2781864 633.3040599 2.7707032
30.1995172 231.9928358 659.7315439 2.8816718
30.9029543 227.8480925 687.2695241 2.9970497
31.6227766 223.7724758 715.9616428 3.1169646
32.3593657 219.7711115 745.8567230 3.2415913
33.1131121 215.8385906 777.0052334 3.3711283
33.8844156 211.9732888 809.4603248 3.5058018
34.6736850 208.1752211 843.2772203 3.6458499
35.4813389 204.4488726 878.5129716 3.7914953
36.3078055 200.7960018 915.2259104 3.9429384
37.1535229 197.2161914 953.4768673 4.1003673
38.0189396 193.7039577 993.3286846 4.2639933
38.9045145 190.2535341 1034.8483493 4.4340696
39.8107171 186.8619999 1078.1057130 4.6108988
40.7380278 183.5296978 1123.1747114 4.7947913
41.6869383 180.2579242 1170.1301943 4.9860413
42.6579519 177.0479159 1219.0512782 5.1849169
43.6515832 173.8992706 1270.0190301 5.3916776
44.6683592 170.8101107 1323.1175648 5.6066060
45.7088190 167.7787227 1378.4355073 5.8300224
46.7735141 164.8037206 1436.0637991 6.0622708
47.8630092 161.8835101 1496.0989891 6.3037103
48.9778819 159.0173611 1558.6399424 6.5547087
50.1187234 156.2051840 1623.7908882 6.8156434
51.2861384 153.4484840 1691.6576403 7.0868900
52.4807460 150.7481848 1762.3521077 7.3688343
53.7031796 148.1020514 1835.9869308 7.6618640
54.9540874 145.5057624 1912.6818208 7.9664108
56.2341325 142.9552646 1992.5635591 8.2829515
57.5439937 140.4488147 2075.7646567 8.6119892
58.8843655 137.9857271 2162.4234762 8.9540094
60.2559586 135.5657189 2252.6838659 9.3094735
61.6595002 133.1909803 2346.6945502 9.6788498
63.0957344 130.8640298 2444.6076669 10.0626854
64.5654229 128.5858656 2546.5804738 10.4616089
66.0693448 126.3537163 2652.7748612 10.8762433
67.6082975 124.1644227 2763.3595461 11.3071471
69.1830971 122.0162116 2878.5139730 11.7548136
70.7945784 119.9085391 2998.4236817 12.2198376
72.4435960 117.8420237 3123.2812827 12.7029710
74.1310241 115.8154805 3253.2857254 13.2050420
75.8577575 113.8277699 3388.6422983 13.7267954
77.6247117 111.8783999 3529.5679929 14.2688585
79.4328235 109.9671620 3676.2868711 14.8318673
81.2830516 108.0939369 3829.0281148 15.4165610
83.1763771 106.2570036 3988.0326090 16.0237878
85.1138038 104.4523388 4153.5519661 16.6544504
87.0963590 102.6792868 4325.8534026 17.3095064
89.1250938 100.9403361 4505.2087673 17.9898979
91.2010839 99.2390481 4691.8969795 18.6965364
93.3254301 97.5744766 4886.2008595 19.4303162
95.4992586 95.9431347 5088.4159058 20.1922066
97.7237221 94.3423326 5298.8546835 20.9832746
100.0000000 92.7736054 5517.8453617 21.8046048
102.3292992 91.2363866 5745.7180599 22.6572853
104.7128548 89.7289776 5982.8219150 23.5424546
107.1519305 88.2474594 6229.5216675 24.4614406
109.6478196 86.7929049 6486.2030259 25.4156424
112.2018454 85.3686667 6753.2575500 26.4062236
114.8153621 83.9767269 7031.0753366 27.4340439
117.4897555 82.6144477 7320.0650124 28.5002059
120.2264435 81.2793483 7620.6522708 29.6063907
123.0268771 79.9691041 7933.2866983 30.7544169
125.8925412 78.6815394 8258.4412876 31.9456958
128.8249552 77.4183157 8596.6056103 33.1814261
131.8256739 76.1827785 8948.2789906 34.4632393
134.8962883 74.9755161 9313.9588021 35.7931629
138.0384265 73.7939211 9694.1648490 37.1729137
141.2537545 72.6356537 10089.4432669 38.6037520
144.5439771 71.4981438 10500.3674985 40.0871500
147.9108388 70.3805194 10927.5529217 41.6251674
151.3561248 69.2867070 11371.6080877 43.2199358
154.8816619 68.2190313 11833.1552011 44.8732503
158.4893192 67.1736329 12312.8135410 46.5869150
162.1810097 66.1458103 12811.2804055 48.3631162
165.9586907 65.1378361 13329.2706474 50.2042604
169.8243652 64.1532568 13867.4961936 52.1126739
173.7800829 63.1917146 14426.6728720 54.0904139
177.8279410 62.2507360 15007.5496688 56.1390781
181.9700859 61.3279853 15610.9214065 58.2603014
186.2087137 60.4215253 16237.6199669 60.4569961
190.5460718 59.5326300 16888.5201424 62.7330528
194.9844600 58.6644026 17564.4918492 65.0909752
199.5262315 57.8172902 18266.3796472 67.5318997
204.1737945 56.9856042 18995.1197691 70.0584716
208.9296131 56.1687896 19751.7050117 72.6751506
213.7962090 55.3711751 20537.1203697 75.3852900
218.7761624 54.5934239 21352.3410856 78.1903628
223.8721139 53.8301863 22198.4048173 81.0924444
229.0867653 53.0812093 23076.4174896 84.0952341
234.4228815 52.3484781 23987.5220866 87.2024254
239.8832919 51.6343213 24932.8128302 90.4169156
245.4708916 50.9368352 25913.4346551 93.7416515
251.1886432 50.2538852 26930.5832084 97.1800249
257.0395783 49.5839252 27985.5302061 100.7358943
263.0267992 48.9263667 29079.5941761 104.4134655
269.1534804 48.2842421 30214.1170517 108.2166246
275.4228703 47.6592278 31390.4037074 112.1485653
281.8382931 47.0465516 32609.7999775 116.2130960
288.4031503 46.4452264 33873.8116364 120.4153211
295.1209227 45.8575134 35183.9327555 124.7592708
301.9951720 45.2861060 36541.6105943 129.2466630
309.0295433 44.7265190 37948.3743330 133.8803637
316.2277660 44.1774708 39405.8428739 138.6673252
323.5936569 43.6405595 40915.7248417 143.6141834
331.1311215 43.1185309 42479.6274359 148.7236322
338.8441561 42.6084492 44099.2124694 153.9975870
346.7368505 42.1075578 45776.3016951 159.4406852
354.8133892 41.6179056 47512.7675784 165.0592366
363.0780548 41.1421525 49310.4201690 170.8601507
371.5352291 40.6777168 51171.0422102 176.8496914
380.1893963 40.2219350 53096.6778099 183.0324707
389.0451450 39.7765281 55089.3710762 189.4120555
398.1071706 39.3431762 57151.1271074 195.9926593
407.3802778 38.9214063 59283.9510020 202.7795570
416.8693835 38.5078432 61489.9804911 209.7796899
426.5795188 38.1030568 63771.5366517 217.0002322
436.5158322 37.7094799 66130.8274326 224.4451569
446.6835922 37.3271906 68570.0178718 232.1162592
457.0881896 36.9527691 71091.4407491 240.0192713
467.7351413 36.5862713 73697.5926852 248.1647885
478.6300923 36.2293922 76390.9624984 256.5626240
489.7788194 35.8831972 79173.9141765 265.2193226
