#E[MeV/u] dE/dx[MeVcm2/mg] range[mg/cm2] rangestragg.[mg/cm2]
0.0010000 200.6203307 0.0000000 0.0000000
0.0010233 201.9462599 0.0011572 0.0004431
0.0010471 203.2806504 0.0023336 0.0006307
0.0010715 204.6232043 0.0035295 0.0007774
0.0010965 205.9738025 0.0047452 0.0009035
0.0011220 207.3324300 0.0059811 0.0010167
0.0011482 208.6992060 0.0072375 0.0011211
0.0011749 210.0745328 0.0085148 0.0012189
0.0012023 211.4590061 0.0098132 0.0013116
0.0012303 212.8521047 0.0111332 0.0014004
0.0012589 214.2540370 0.0124751 0.0014860
0.0012882 215.6652947 0.0138392 0.0015690
0.0013183 217.0859225 0.0152260 0.0016498
0.0013490 218.5158905 0.0166359 0.0017287
0.0013804 219.9555116 0.0180691 0.0018061
0.0014125 221.4052177 0.0195261 0.0018822
0.0014454 222.8647856 0.0210073 0.0019572
0.0014791 224.3348556 0.0225130 0.0020312
0.0015136 225.8155023 0.0240437 0.0021045
0.0015488 227.3067853 0.0255998 0.0021771
0.0015849 228.8089280 0.0271817 0.0022491
0.0016218 230.3223625 0.0287898 0.0023206
0.0016596 231.8473270 0.0304246 0.0023917
0.0016982 233.3837024 0.0320864 0.0024626
0.0017378 234.9320995 0.0337757 0.0025332
0.0017783 236.4925481 0.0354930 0.0026036
0.0018197 238.0653013 0.0372387 0.0026739
0.0018621 239.6507913 0.0390132 0.0027441
0.0019055 241.2489286 0.0408171 0.0028142
0.0019498 242.8606071 0.0426507 0.0028844
0.0019953 244.4857075 0.0445146 0.0029546
0.0020417 246.1244384 0.0464092 0.0030249
0.0020893 247.7770531 0.0483350 0.0030954
0.0021380 249.4441326 0.0502925 0.0031659
0.0021878 251.1257214 0.0522822 0.0032367
0.0022387 252.8224901 0.0543046 0.0033077
0.0022909 254.5346322 0.0563602 0.0033788
0.0023442 256.2622669 0.0584495 0.0034503
0.0023988 258.0057517 0.0605731 0.0035220
0.0024547 259.7656229 0.0627314 0.0035940
0.0025119 261.5420891 0.0649250 0.0036664
0.0025704 263.3354184 0.0671544 0.0037390
0.0026303 265.1460578 0.0694202 0.0038120
0.0026915 266.9743646 0.0717230 0.0038854
0.0027542 268.8208455 0.0740632 0.0039592
0.0028184 270.6856494 0.0764414 0.0040334
0.0028840 272.5691636 0.0788583 0.0041080
0.0029512 274.4720734 0.0813143 0.0041830
0.0030200 276.3946468 0.0838101 0.0042585
0.0030903 278.3372117 0.0863462 0.0043344
0.0031623 280.2997084 0.0889233 0.0044108
0.0032359 282.2838054 0.0915419 0.0044877
0.0033113 284.2885791 0.0942026 0.0045651
0.0033884 286.3152211 0.0969060 0.0046429
0.0034674 288.3635231 0.0996529 0.0047213
0.0035481 290.4352725 0.1024436 0.0048002
0.0036308 292.5294862 0.1052790 0.0048796
0.0037154 293.9958022 0.1081617 0.0049596
0.0038019 303.2653294 0.1110602 0.0050380
0.0038905 304.7528882 0.1139746 0.0051146
0.0039811 306.9902894 0.1169373 0.0051917
0.0040738 309.2581991 0.1199468 0.0052695
0.0041687 311.5592987 0.1230038 0.0053479
0.0042658 313.8918007 0.1261088 0.0054268
0.0043652 316.2576118 0.1292624 0.0055064
0.0044668 318.6593240 0.1324653 0.0055865
0.0045709 321.0954775 0.1357179 0.0056672
0.0046774 323.5683068 0.1390210 0.0057485
0.0047863 326.0783184 0.1423752 0.0058304
0.0048978 328.6264358 0.1457809 0.0059129
0.0050119 331.2135231 0.1492388 0.0059960
0.0051286 333.8409507 0.1527496 0.0060796
0.0052481 336.5097616 0.1563137 0.0061638
0.0053703 339.2199555 0.1599318 0.0062486
0.0054954 341.9736778 0.1636045 0.0063339
0.0056234 344.7717029 0.1673323 0.0064198
0.0057544 347.6147460 0.1711160 0.0065062
0.0058884 350.5040584 0.1749559 0.0065932
0.0060256 353.4416660 0.1788528 0.0066807
0.0061660 356.4275986 0.1828072 0.0067687
0.0063096 359.4634950 0.1868196 0.0068573
0.0064565 362.5504573 0.1908907 0.0069463
0.0066069 365.6899158 0.1950210 0.0070359
0.0067608 368.8840453 0.1992111 0.0071259
0.0069183 372.1319520 0.2034615 0.0072165
0.0070795 375.4367345 0.2077727 0.0073074
0.0072444 378.7994653 0.2121454 0.0073989
0.0074131 382.2215746 0.2165801 0.0074908
0.0075858 385.7038368 0.2210772 0.0075831
0.0077625 389.2485760 0.2256374 0.0076758
0.0079433 392.8571031 0.2302611 0.0077690
0.0081283 396.5308779 0.2349489 0.0078625
0.0083176 400.2713603 0.2397012 0.0079564
0.0085114 404.0804868 0.2445186 0.0080507
0.0087096 407.9590620 0.2494015 0.0081453
0.0089125 411.9096778 0.2543505 0.0082402
0.0091201 415.9343603 0.2593659 0.0083355
0.0093325 420.0343904 0.2644483 0.0084310
0.0095499 424.2114367 0.2695981 0.0085269
0.0097724 428.4694021 0.2748157 0.0086230
0.0100000 432.8067373 0.2801015 0.0087193
0.0102329 437.2273156 0.2854560 0.0088159
0.0104713 441.7329840 0.2908796 0.0089127
0.0107152 446.3263346 0.2963727 0.0090096
0.0109648 451.0092444 0.3019357 0.0091068
0.0112202 455.7838586 0.3075688 0.0092041
0.0114815 460.6525904 0.3132725 0.0093015
0.0117490 465.6169891 0.3190470 0.0093990
0.0120226 470.6806298 0.3248929 0.0094966
0.0123027 475.8445554 0.3308102 0.0095943
0.0125893 481.1127880 0.3367993 0.0096920
0.0128825 486.4871748 0.3428606 0.0097897
0.0131826 491.9703972 0.3489942 0.0098875
0.0134896 497.5652558 0.3552005 0.0099852
0.0138038 503.2742531 0.3614796 0.0100829
0.0141254 509.1006071 0.3678316 0.0101805
0.0144544 515.0470287 0.3742570 0.0102780
0.0147911 521.1166762 0.3807557 0.0103754
0.0151356 527.3128864 0.3873280 0.0104727
0.0154882 533.6397113 0.3939741 0.0105698
0.0158489 540.0976274 0.4006940 0.0106667
0.0162181 546.6918190 0.4074878 0.0107634
0.0165959 553.4251461 0.4143557 0.0108599
0.0169824 560.3043421 0.4212975 0.0109562
0.0173780 567.3283941 0.4283136 0.0110521
0.0177828 574.5030818 0.4354039 0.0111478
0.0181970 581.8320403 0.4425682 0.0112431
0.0186209 589.3197384 0.4498066 0.0113381
0.0190546 596.9688576 0.4571192 0.0114327
0.0194984 604.7850586 0.4645058 0.0115269
0.0199526 612.7732277 0.4719664 0.0116207
0.0204174 620.9333647 0.4795008 0.0117141
0.0208930 629.2751823 0.4871090 0.0118070
0.0213796 637.8008258 0.4947907 0.0118994
0.0218776 646.5153600 0.5025458 0.0119913
0.0223872 655.4249818 0.5103742 0.0120827
0.0229087 664.5304065 0.5182755 0.0121735
0.0234423 673.8449813 0.5262497 0.0122637
0.0239883 683.3632841 0.5342963 0.0123534
0.0245471 693.0962786 0.5424153 0.0124424
0.0251189 702.5642304 0.5506066 0.0125308
0.0257040 709.7939765 0.5588925 0.0126192
0.0263027 717.2539071 0.5672836 0.0127081
0.0269153 724.8561909 0.5757804 0.0127973
0.0275423 732.6053566 0.5843836 0.0128868
0.0281838 740.4966969 0.5930937 0.0129766
0.0288403 748.5391496 0.6019114 0.0130667
0.0295121 756.7320595 0.6108371 0.0131570
0.0301995 765.0776311 0.6198714 0.0132476
0.0309030 773.5779501 0.6290150 0.0133384
0.0316228 782.2356383 0.6382684 0.0134294
0.0323594 791.0551647 0.6476321 0.0135205
0.0331131 800.0325965 0.6571068 0.0136118
0.0338844 809.1732966 0.6666930 0.0137032
0.0346737 818.4784568 0.6763914 0.0137947
0.0354813 827.9555253 0.6862023 0.0138863
0.0363078 837.5937766 0.6961266 0.0139779
0.0371535 847.4025062 0.7061649 0.0140696
0.0380189 857.3820120 0.7163177 0.0141613
0.0389045 867.5329496 0.7265859 0.0142530
0.0398107 877.8593111 0.7369700 0.0143447
0.0407380 888.3595475 0.7474705 0.0144364
0.0416869 899.0337182 0.7580883 0.0145280
0.0426580 909.8827766 0.7688244 0.0146196
0.0436516 920.9066632 0.7796791 0.0147110
0.0446684 932.1093702 0.7906534 0.0148024
0.0457088 943.4880972 0.8017481 0.0148937
0.0467735 955.0424866 0.8129640 0.0149849
0.0478630 966.7737896 0.8243023 0.0150761
0.0489779 978.6864754 0.8357637 0.0151671
0.0501187 990.7722017 0.8473490 0.0152580
0.0512861 1003.0346629 0.8590595 0.0153487
0.0524807 1015.4730845 0.8708961 0.0154392
0.0537032 1028.0853808 0.8828599 0.0155296
0.0549541 1040.8720286 0.8949521 0.0156198
0.0562341 1053.8307636 0.9071739 0.0157099
0.0575440 1066.9593214 0.9195264 0.0157997
0.0588844 1080.2577020 0.9320112 0.0158894
0.0602560 1093.7250713 0.9446295 0.0159789
0.0616595 1107.3576157 0.9573828 0.0160682
0.0630957 1121.1510448 0.9702723 0.0161574
0.0645654 1135.1066697 0.9833000 0.0162463
0.0660693 1149.2173399 0.9964674 0.0163351
0.0676083 1163.4815061 1.0097761 0.0164237
0.0691831 1177.8961889 1.0232279 0.0165121
0.0707946 1192.4568599 1.0368248 0.0166004
0.0724436 1207.1581561 1.0505689 0.0166884
0.0741310 1221.9976940 1.0644621 0.0167764
0.0758578 1236.9715409 1.0785065 0.0168642
0.0776247 1252.0779093 1.0927041 0.0169519
0.0794328 1267.3016640 1.1070577 0.0170394
0.0812831 1282.6401832 1.1215696 0.0171268
0.0831764 1298.0858397 1.1362423 0.0172141
0.0851138 1313.6423280 1.1510786 0.0173014
0.0870964 1329.2860517 1.1660812 0.0173885
0.0891251 1345.0253528 1.1812532 0.0174756
0.0912011 1360.7054244 1.1965973 0.0175627
0.0933254 1376.6014393 1.2121188 0.0176498
0.0954993 1392.5624039 1.2278190 0.0177368
0.0977237 1408.5762818 1.2437016 0.0178239
0.1000000 1424.6334197 1.2597699 0.0179110
0.1023293 1440.7296468 1.2760281 0.0179981
0.1047129 1456.8524496 1.2924800 0.0180854
0.1071519 1472.9884807 1.3091296 0.0181727
0.1096478 1489.1284446 1.3259815 0.0182602
0.1122018 1505.2684085 1.3430400 0.0183478
0.1148154 1521.3888278 1.3603097 0.0184356
0.1174898 1537.4800496 1.3777958 0.0185236
0.1202264 1553.5350424 1.3955028 0.0186119
0.1230269 1569.5191268 1.4134365 0.0187004
0.1258925 1585.4471994 1.4316022 0.0187893
0.1288250 1601.2972131 1.4500058 0.0188784
0.1318257 1617.0552245 1.4686531 0.0189680
0.1348963 1632.7016892 1.4875503 0.0190580
0.1380384 1648.2324359 1.5067038 0.0191485
0.1412538 1663.6264901 1.5261204 0.0192394
0.1445440 1678.8803958 1.5458075 0.0193309
0.1479108 1693.9659088 1.5657716 0.0194229
0.1513561 1708.8756401 1.5860207 0.0195156
0.1548817 1723.5977917 1.6065623 0.0196090
0.1584893 1738.1141300 1.6274053 0.0197031
0.1621810 1752.4127374 1.6485574 0.0197980
0.1659587 1766.4808625 1.6700278 0.0198937
0.1698244 1780.3007483 1.6918255 0.0199903
0.1737801 1793.8614308 1.7139601 0.0200878
0.1778279 1807.1500392 1.7364415 0.0201864
0.1819701 1820.1495316 1.7592795 0.0202860
0.1862087 1832.8460839 1.7824854 0.0203868
0.1905461 1845.2329031 1.8060696 0.0204887
0.1949845 1857.2918749 1.8300442 0.0205919
0.1995262 1869.0086983 1.8544202 0.0206965
0.2041738 1880.3868294 1.8792105 0.0208025
0.2089296 1891.3994541 1.9044279 0.0209100
0.2137962 1902.0434737 1.9300853 0.0210190
0.2187762 1912.2992248 1.9561964 0.0211297
0.2238721 1922.1688522 1.9827753 0.0212422
0.2290868 1931.6376978 2.0098370 0.0213565
0.2344229 1940.7000410 2.0373964 0.0214728
0.2398833 1949.3462289 2.0654697 0.0215910
0.2454709 1957.5687535 2.0940726 0.0217114
0.2511886 1965.3530755 2.1232217 0.0218341
0.2570396 1972.7294652 2.1529357 0.0219591
0.2630268 1979.6508488 2.1832322 0.0220866
0.2691535 1986.1321230 2.2141288 0.0222166
0.2754229 1992.1552927 2.2456463 0.0223493
0.2818383 1997.7557524 2.2778039 0.0224849
0.2884032 2002.8997760 2.3106219 0.0226235
0.2951209 2007.5902236 2.3441216 0.0227651
0.3019952 2011.8392509 2.3783259 0.0229099
0.3090295 2015.6325572 2.4132575 0.0230582
0.3162278 2018.9892101 2.4489392 0.0232100
0.3235937 2021.8925254 2.4853955 0.0233655
0.3311311 2024.3589491 2.5226511 0.0235248
0.3388442 2026.5350651 2.5607317 0.0236881
0.3467369 2031.0250621 2.5996377 0.0238553
0.3548134 2035.2862452 2.6393610 0.0240260
0.3630781 2039.0202028 2.6799293 0.0242005
0.3715352 2042.1964265 2.7213725 0.0243789
0.3801894 2044.8580570 2.7637207 0.0245615
0.3890451 2047.0003276 2.8070044 0.0247483
0.3981072 2048.6287202 2.8512556 0.0249397
0.4073803 2049.7487168 2.8965072 0.0251359
0.4168694 2050.3781935 2.9427936 0.0253370
0.4265795 2050.5304978 2.9901483 0.0255433
0.4365158 2050.2061064 3.0386082 0.0257551
0.4466836 2049.4207502 3.0882109 0.0259725
0.4570882 2048.1825330 3.1389940 0.0261957
0.4677351 2046.5191033 3.1909965 0.0264251
0.4786301 2044.4204504 3.2442598 0.0266610
0.4897788 2041.9146993 3.2988250 0.0269034
0.5011872 2038.9973215 3.3547349 0.0271528
0.5128614 2035.6973953 3.4120351 0.0274095
0.5248075 2032.0292217 3.4707706 0.0276736
0.5370318 2027.9866036 3.5309876 0.0279454
0.5495409 2023.5895622 3.5927365 0.0282254
0.5623413 2018.7136800 3.6560670 0.0285137
0.5754399 2012.7490247 3.7210473 0.0288110
0.5888437 2006.5619909 3.7877436 0.0291177
0.6025596 2000.0791674 3.8562095 0.0294342
0.6165950 1993.3470320 3.9265024 0.0297607
0.6309573 1986.3676107 3.9986797 0.0300976
0.6456542 1979.1499607 4.0728026 0.0304454
0.6606934 1971.7031393 4.1489344 0.0308042
0.6760830 1964.0407322 4.2271378 0.0311747
0.6918310 1956.1654805 4.3074806 0.0315570
0.7079458 1948.0804826 4.3900309 0.0319516
0.7244360 1939.7959876 4.4748601 0.0323589
0.7413102 1931.3234361 4.5620406 0.0327793
0.7585776 1922.6585379 4.6516482 0.0332133
0.7762471 1913.8189307 4.7437619 0.0336612
0.7943282 1904.8053296 4.8384613 0.0341235
0.8128305 1895.6117758 4.9358322 0.0346007
0.8317638 1886.2693738 5.0359583 0.0350933
0.8511380 1876.7523820 5.1389307 0.0356016
0.8709636 1867.0791532 5.2448413 0.0361263
0.8912509 1857.2525475 5.3537873 0.0366678
0.9120108 1847.2754252 5.4658658 0.0372267
0.9332543 1837.1493354 5.5811817 0.0378035
0.9549926 1826.8769000 5.6998402 0.0383987
0.9772372 1816.4610984 5.8219524 0.0390129
1.0000000 1805.9024073 5.9476330 0.0396468
1.0232930 1795.2060702 6.0769997 0.0403009
1.0471285 1784.3694655 6.2101758 0.0409758
1.0715193 1773.4034378 6.3472891 0.0416723
1.0964782 1762.3008369 6.4884725 0.0423909
1.1220185 1751.0660720 6.6338630 0.0431325
1.1481536 1738.9094968 6.7836252 0.0438979
1.1748976 1726.1821976 6.9379890 0.0446893
1.2022644 1713.4420277 7.0971188 0.0455076
1.2302688 1700.6814790 7.2611723 0.0463534
1.2589254 1687.9075828 7.4303100 0.0472276
1.2882496 1675.1061574 7.6047058 0.0481309
1.3182567 1662.2651663 7.7845345 0.0490642
1.3489629 1649.4017705 7.9699809 0.0500283
1.3803843 1636.4965447 8.1612337 0.0510242
1.4125375 1623.5521106 8.3584935 0.0520529
1.4454398 1610.5669190 8.5619679 0.0531152
1.4791084 1597.5317936 8.7718674 0.0542122
1.5135612 1584.4563874 8.9884208 0.0553450
1.5488166 1571.3376018 9.2118586 0.0565147
1.5848932 1558.1586334 9.4424227 0.0577225
1.6218101 1544.9383117 9.6803610 0.0589696
1.6595869 1531.6631700 9.9259410 0.0602572
1.6982437 1518.3448873 10.1794325 0.0615868
1.7378008 1504.9735722 10.4411203 0.0629597
1.7782794 1491.5494630 10.7112968 0.0643773
1.8197009 1478.0801870 10.9902689 0.0658412
1.8620871 1464.5625263 11.2783567 0.0673529
1.9054607 1450.9986261 11.5758965 0.0689140
1.9498446 1437.3900357 11.8832293 0.0705264
1.9952623 1423.7396153 12.2007172 0.0721917
2.0417379 1410.0489140 12.5287375 0.0739118
2.0892961 1396.3204347 12.8676731 0.0756885
2.1379621 1382.5573948 13.2179405 0.0775240
2.1877616 1368.7625356 13.5799540 0.0794202
2.2387211 1354.9387171 13.9541566 0.0813793
2.2908677 1341.0904679 14.3410058 0.0834035
2.3442288 1327.2201716 14.7409806 0.0854951
2.3988329 1313.3330717 15.1545727 0.0876565
2.4547089 1299.4322668 15.5823004 0.0898902
2.5118864 1285.5204979 16.0246991 0.0921987
2.5703958 1271.6065839 16.4823328 0.0945849
2.6302680 1257.6899289 16.9557760 0.0970515
2.6915348 1243.7760149 17.4456385 0.0996014
2.7542287 1229.8687746 17.9525510 0.1022377
2.8183829 1215.9753585 18.4771650 0.1049636
2.8840315 1202.0983884 19.0201686 0.1077824
2.9512092 1188.2423930 19.5822667 0.1106976
3.0199517 1174.4121391 20.1641929 0.1137128
3.0902954 1160.6121553 20.7667246 0.1168317
3.1622777 1146.8469704 21.3906564 0.1200582
3.2359366 1133.1201595 22.0368230 0.1233964
3.3113112 1119.4374429 22.7060854 0.1268505
3.3884416 1105.8023959 23.3993470 0.1304247
3.4673685 1092.2190703 24.1175357 0.1341236
3.5481339 1078.6913990 24.8616347 0.1379518
3.6307805 1065.2234339 25.6326577 0.1419140
3.7153523 1051.8189884 26.4316527 0.1460151
3.8018940 1038.4828296 27.2597211 0.1502603
3.8904514 1025.2182944 28.1179965 0.1546548
3.9810717 1012.0288387 29.0076719 0.1592040
4.0738028 998.9179186 29.9299761 0.1639136
4.1686938 985.8873218 30.8861955 0.1687893
4.2657952 972.9420535 31.8776676 0.1738372
4.3651583 960.0841397 32.9057757 0.1790638
4.4668359 947.3172748 33.9719624 0.1844755
4.5708819 934.6449148 35.0777367 0.1900791
4.6773514 922.0711117 36.2246534 0.1958817
4.7863009 909.5933031 37.4143361 0.2018906
4.8977882 897.2157794 38.6484729 0.2081136
5.0118723 884.9404474 39.9288321 0.2145585
5.1286138 872.7692138 41.2572429 0.2212337
5.2480746 860.7041641 42.6355994 0.2281475
5.3703180 848.7467286 44.0658793 0.2353090
5.4954087 836.8987542 45.5501407 0.2427271
5.6234133 825.1617904 47.0905442 0.2504114
5.7543994 813.5369693 48.6892925 0.2583718
5.8884366 802.0251251 50.3487142 0.2666182
6.0255959 790.6276878 52.0712063 0.2751614
6.1659500 779.3453725 53.8592878 0.2840122
6.3095734 768.1793114 55.7155729 0.2931820
6.4565423 757.1301004 57.6427522 0.3026824
6.6069345 746.1985736 59.6436609 0.3125258
6.7608298 735.3852674 61.7212297 0.3227249
6.9183097 724.6897049 63.8784958 0.3332927
7.0794578 714.1128398 66.1186642 0.3442428
7.2443596 703.6551485 68.4450199 0.3555896
7.4131024 693.3166312 70.8610156 0.3673476
7.5857758 683.0975858 73.3701954 0.3795321
7.7624712 672.9963438 75.9762863 0.3921587
7.9432823 663.0146332 78.6831908 0.4052440
8.1283052 653.1519774 81.4949255 0.4188048
8.3176377 643.4081976 84.4156366 0.4328587
8.5113804 633.7825788 87.4497144 0.4474242
8.7096359 624.2750613 90.6016785 0.4625201
8.9125094 614.8834405 93.8762698 0.4781664
9.1201084 605.6101593 97.2783813 0.4943837
9.3325430 596.4524769 100.8131197 0.5111933
9.5499259 587.4137301 104.4857670 0.5286176
9.7723722 578.4884369 108.3018946 0.5466797
10.0000000 569.6771335 112.2671884 0.5654032
10.2329299 561.2552905 116.3867170 0.5847983
10.4712855 552.9237218 120.6655716 0.6048759
10.7151931 544.6843341 125.1101850 0.6256623
10.9647820 536.5339694 129.7272722 0.6471841
11.2201845 528.4751302 134.5238374 0.6694696
11.4815362 520.5050756 139.5071062 0.6925483
11.7489755 512.6257124 144.6847156 0.7164520
12.0226443 504.8356104 150.0644703 0.7412140
12.3026877 497.1346208 155.6546934 0.7668701
12.5892541 489.5213729 161.4639060 0.7934577
12.8824955 481.9964925 167.5010866 0.8210158
13.1825674 474.5597413 173.7754727 0.8495838
13.4896288 467.2101956 180.2968661 0.8792024
13.8038426 459.9488385 187.0753123 0.9099126
14.1253754 452.7756702 194.1213597 0.9417560
14.4543977 445.6894989 201.4459230 0.9747757
14.7910839 438.6901458 209.0604804 1.0090170
15.1356125 431.7758232 216.9769982 1.0445271
15.4881662 424.9476337 225.2078237 1.0813567
15.8489319 418.2033425 233.7659750 1.1195588
16.2181010 411.5436351 242.6649426 1.1591890
16.5958691 404.9674686 251.9188420 1.2003064
16.9824365 398.4760050 261.5422768 1.2429727
17.3780083 392.0684696 271.5505513 1.2872532
17.7827941 385.7463223 281.9595496 1.3332171
18.1970086 379.5061667 292.7858870 1.3809341
18.6208714 373.2765878 304.0474291 1.4304877
19.0546072 367.1980619 315.7633523 1.4819593
19.4984460 361.1977438 327.9509733 1.5354054
19.9526231 355.2756336 340.6299869 1.5909030
20.4173794 349.4302119 353.8210329 1.6485323
20.8929613 343.6638620 367.5455133 1.7083794
21.3796209 337.9752434 381.8257143 1.7705342
21.8776162 332.3661733 396.6848060 1.8350922
22.3872114 326.8341492 412.1469040 1.9021530
22.9086765 321.3765791 428.2374954 1.9718215
23.4422882 315.9912283 444.9829517 2.0442073
23.9883292 310.6740152 462.4111992 2.1194255
24.5470892 305.4276212 480.5511092 2.1975954
25.1188643 300.2518080 499.4330774 2.2788444
25.7039578 295.1467245 519.0884143 2.3633042
26.3026799 290.1140094 539.5500155 2.4511124
26.9153480 285.1507727 560.8520876 2.5424117
27.5422870 280.2598745 583.0303006 2.6373445
28.1838293 275.4389017 606.1216660 2.7360557
28.8403150 270.6880031 630.1650245 2.8386907
29.5120923 266.0071788 655.2011070 2.9454074
30.1995172 261.4078099 681.2722296 3.0563757
30.9029543 256.9553824 708.4149771 3.1716933
31.6227766 252.5750254 736.6715436 3.2915180
32.3593657 248.2675730 766.0881479 3.4160418
33.1131121 244.0396246 796.7116181 3.5454497
33.8844156 239.8932060 828.5907948 3.6799198
34.6736850 235.8233566 861.7757989 3.8196304
35.4813389 231.8241626 896.3198611 3.9647702
36.3078055 227.8876390 932.2785290 4.1155400
37.1535229 224.0117155 969.7109478 4.2721554
38.0189396 220.1998181 1008.6783358 4.4348352
38.9045145 216.4553732 1049.2435576 4.6038061
39.8107171 212.7792149 1091.4712459 4.7792972
40.7380278 209.1673659 1135.4286556 4.9615579
41.6869383 205.6141355 1181.1871267 5.1508702
42.6579519 202.1169020 1228.8210479 5.3475526
43.6515832 198.6760378 1278.4084664 5.5519373
44.6683592 195.2968610 1330.0292588 5.7643296
45.7088190 191.9838555 1383.7654964 5.9850019
46.7735141 188.7349060 1439.7008362 6.2142048
47.8630092 185.5468841 1497.9238130 6.4522223
48.9778819 182.4153210 1558.5258884 6.6993782
50.1187234 179.3381756 1621.6036457 6.9560373
51.2861384 176.3114110 1687.2586683 7.2225801
52.4807460 173.3346547 1755.5968078 7.4994026
53.7031796 170.4064022 1826.7276960 7.7869117
54.9540874 167.5282624 1900.7660868 8.0855364
56.2341325 164.7010099 1977.8302705 8.3957244
57.5439937 161.9258214 2058.0428056 8.7179244
58.8843655 159.2050657 2141.5279578 9.0525490
60.2559586 156.5395917 2228.4149930 9.3999573
61.6595002 153.9243049 2318.8387864 9.7605338
63.0957344 151.3535593 2412.9393352 10.1347896
64.5654229 148.8238394 2510.8683436 10.5233754
66.0693448 146.3351749 2612.7826379 10.9269570
67.6082975 143.8906345 2718.8434342 11.3460824
69.1830971 141.4920059 2829.2168269 11.7812116
70.7945784 139.1409724 2944.0725685 12.2328610
72.4435960 136.8389491 3063.5852898 12.7016849
74.1310241 134.5817651 3187.9359626 13.1884125
75.8577575 132.3629550 3317.3158027 13.6937417
77.6247117 130.1792417 3451.9289523 14.2183089
79.4328235 128.0326064 3591.9890657 14.7627619
81.2830516 125.9261327 3737.7122361 15.3277809
83.1763771 123.8597908 3889.3206541 15.9141260
85.1138038 121.8324411 4047.0445590 16.5226748
87.0963590 119.8427951 4211.1261411 17.1544207
89.1250938 117.8898918 4381.8124685 17.8103235
91.2010839 115.9732473 4559.3664629 18.4911822
93.3254301 114.0929210 4744.0539725 19.1977020
95.4992586 112.2477510 4936.1535284 19.9307398
97.7237221 110.4372532 5135.9548807 20.6913387
100.0000000 108.6612041 5343.7575358 21.4805073
102.3292992 106.9186578 5559.8702678 22.2990690
104.7128548 105.2090407 5784.6159971 23.1478690
107.1519305 103.5316825 6018.3283756 24.0280518
109.6478196 101.8860320 6261.3532500 24.9410280
112.2018454 100.2732661 6514.0481740 25.8881805
114.8153621 98.6916344 6776.7794818 26.8707571
117.4897555 97.1375542 7049.9349704 27.8899061
120.2264435 95.6083218 7333.9238999 28.9467372
123.0268771 94.1076389 7629.1721155 30.0424639
125.8925412 92.6400194 7936.0981453 31.1786155
128.8249552 91.2055526 8255.1297855 32.3568687
131.8256739 89.7983915 8586.7182467 33.5786094
134.8962883 88.4179701 8931.3386413 34.8449530
138.0384265 87.0639382 9289.4807154 36.1571829
141.2537545 85.7369067 9661.6517760 37.5169564
144.5439771 84.4357582 10048.3737639 38.9260036
147.9108388 83.1600162 10450.1861803 40.3860417
151.3561248 81.9098444 10867.6499897 41.8987843
154.8816619 80.6854068 11301.3417657 43.4659931
158.4893192 79.4834185 11751.8527161 45.0895342
162.1810097 78.3010343 12219.8257548 46.7715678
165.9586907 77.1408389 12705.9223318 48.5142786
169.8243652 76.0078374 13210.7853612 50.3196241
173.7800829 74.9007935 13735.0811709 52.1894112
177.8279410 73.8154840 14279.4887717 54.1256655
181.9700859 72.7515289 14844.7515634 56.1306665
186.2087137 71.7098296 15431.6119700 58.2068058
190.5460718 70.6891868 16040.8338787 60.3565325
194.9844600 69.6860775 16673.2358095 62.5819274
199.5262315 68.7003824 17329.6714039 64.8848683
204.1737945 67.7374273 18010.9923520 67.2679465
208.9296131 66.7980685 18718.0415639 69.7345023
213.7962090 65.8782916 19451.6892658 72.2872899
218.7761624 64.9768749 20212.8876338 74.9280909
223.8721139 64.0945781 21002.5693322 77.6589535
229.0867653 63.2310364 21821.7216580 80.4827596
234.4228815 62.3831213 22671.3806881 83.4028315
239.8832919 61.5498497 23552.6215228 86.4226566
245.4708916 60.7356795 24466.5485303 89.5454440
251.1886432 59.9419066 25414.2192501 92.7739584
257.0395783 59.1661998 26396.7380504 96.1111004
263.0267992 58.4063282 27415.2736882 99.5602943
269.1534804 57.6624445 28471.0378465 103.1250262
275.4228703 56.9344631 29565.2695248 106.8087851
281.8382931 56.2208607 30699.2447949 110.6153920
288.4031503 55.5210156 31874.3197273 114.5493914
295.1209227 54.8370280 33091.8464898 118.6142951
301.9951720 54.1702573 34353.1713970 122.8117338
309.0295433 53.5197910 35659.6622261 127.1443273
316.2277660 52.8835177 37012.7394365 131.6178432
323.5936569 52.2594373 38413.9327536 136.2380729
331.1311215 51.6468163 39864.8304381 141.0080491
338.8441561 51.0480194 41367.0441649 145.9307287
346.7368505 50.4654451 42922.1426831 151.0119869
354.8133892 49.8976819 44531.6908392 156.2577063
363.0780548 49.3431283 46197.3588437 161.6710251
371.5352291 48.7997920 47920.8832469 167.2544400
380.1893963 48.2665483 49704.1137679 173.0129003
389.0451450 47.7451847 51548.9391491 178.9526298
398.1071706 47.2380363 53457.1778907 185.0786224
407.3802778 46.7446376 55430.6406880 191.3949585
416.8693835 46.2635175 57471.2318929 197.9064312
426.5795188 45.7928364 59580.9456118 204.6185724
436.5158322 45.3313204 61761.8696075 211.5375151
446.6835922 44.8796587 64016.1931045 218.6696829
457.0881896 44.4406480 66346.0467915 226.0212370
467.7351413 44.0141096 68753.4677010 233.5977084
478.6300923 43.5976600 71240.6762759 241.4036141
489.7788194 43.1892509 73809.9983234 249.4425550
